Generation 1
W 1.823403 1.1071 0.82051545 1.5170298 0.30871254 1.4587148 1.2787578 0.8677254 1.5490721 0.5660284 0.6449209 1.6776202 0.050668895 1.2440898 1.0752687 0.96782494 
F 30.0
W 0.78049505 1.1501257 0.97124285 1.7063732 0.6651068 0.7494714 1.3380426 0.3635581 0.7894032 1.0892258 0.14324653 0.14244759 0.6327611 0.31495315 1.6178403 0.37152743 
F 20.0
W 1.0081768 1.4153216 1.2723733 1.6818451 1.5209439 1.3123302 2.0668478 0.4007162 1.7431893 0.7405307 1.5248502 1.2645538 1.7478755 0.63036805 0.27559245 1.3164996 
F 20.0
W 1.1010952 0.7822856 1.0644149 0.9347392 0.5217829 0.89454776 0.98544616 0.85900766 0.97021264 1.3701657 1.5199907 0.8658378 1.4357429 1.6549494 0.73173916 1.4044203 
F 20.0
W 1.1391344 0.68685234 0.76759434 1.2882633 1.9395916 0.80686486 0.4038211 1.4849464 1.120546 0.69485587 1.0255271 0.74145126 0.77096796 1.8636054 0.21853232 1.3237853 
F 10.0
W 1.1544906 -0.095884085 1.3049959 0.5978094 1.0832005 1.4498178 0.6279316 0.83832407 0.94789326 0.059824765 1.3220112 1.5795428 0.86148596 0.9494002 1.2433941 0.5367687 
F 10.0
W 0.75372016 1.7484008 0.816134 0.47036332 1.8719413 1.0212383 1.0060582 1.8470895 1.3723977 0.70635915 1.3545625 1.109672 1.2315155 0.704448 1.1828485 0.16671443 
F 10.0
W 2.4108372 2.7094164 0.57805467 0.9941599 0.9540983 -0.6894233 0.49320042 0.6104144 1.4602067 1.3931999 0.85605305 2.0064855 1.2132207 0.6492033 -0.009848118 1.1414677 
F 10.0
W 1.625144 1.3093904 1.8055078 0.27589238 1.2742347 0.6121098 0.78025323 1.0714433 1.3658686 1.4409357 1.0565261 0.9104882 0.65388215 1.1250038 0.916481 1.0085706 
F 10.0
W 0.9746809 1.0487176 1.1719973 0.663177 1.2734352 1.451756 0.97151345 0.8723017 0.9218375 1.156552 1.9376663 0.016225278 0.29899967 0.8139169 1.2746223 1.8818903 
F 0.0
Generation 2
W 1.2178444 0.95274955 1.2682831 1.0883671 0.68107307 0.9515195 1.1021656 0.8439536 1.1690543 1.4983044 1.6577429 0.9736412 1.5082884 1.8057777 0.87066257 1.5188248 
F 30.0
W 1.0586426 1.5119652 1.353967 1.6717865 1.6181877 1.4421266 2.2404191 0.4595347 1.8406938 0.86071557 1.5917342 1.4619038 1.7763835 0.65342736 0.3427671 1.368517 
F 30.0
W 2.0015755 1.1961261 0.85926116 1.6732398 0.47270238 1.4434551 1.4193535 0.887199 1.5957507 0.64878774 0.79535854 1.7755641 0.08637231 1.2953186 1.149083 1.0236427 
F 30.0
W 1.892272 1.2269185 0.889449 1.6323899 0.39168572 1.6548827 1.4123595 0.9735086 1.697959 0.62175035 0.7979758 1.7932793 0.122301266 1.2677953 1.1844227 1.1045063 
F 20.0
W 1.1953536 0.9288802 0.8505474 1.3698924 1.9889474 0.94570476 0.47779804 1.5860393 1.2491722 0.7086502 1.1542481 0.8950503 0.9397155 1.9170736 0.31205422 1.3553958 
F 10.0
W 1.2236173 1.517911 1.372781 1.7647767 1.6691273 1.4123247 2.110518 0.48652875 1.8554116 0.8931118 1.6019886 1.3378209 1.8107013 0.7621177 0.3751011 1.3991905 
F 10.0
W 0.94011265 1.2274578 1.0771692 1.9095354 0.72908366 0.8441307 1.5190895 0.42916512 0.86724937 1.2763213 0.09913128 0.27796936 0.7254719 0.4411851 1.7562627 0.4576269 
F 10.0
W 0.89756316 1.2362561 1.0142096 1.8126862 0.82689685 0.7825883 1.441683 0.61470646 0.88450366 1.1656022 0.18605947 0.24335146 0.66246307 0.40691808 1.7284427 0.5314225 
F 10.0
W 1.2213368 0.8107915 1.2155569 1.080599 0.6368935 1.0410613 1.1169188 1.0994688 1.0730326 1.4338984 1.6766579 0.82069665 1.542726 1.6950133 0.83678955 1.5498344 
F 0.0
W 1.2829506 0.7076266 0.95948976 1.3650463 2.0701475 0.9582342 0.51323324 1.6363268 1.2119753 0.7172724 1.0786524 0.92073584 0.9428969 1.9754375 0.26829046 1.3572756 
F 0.0
Generation 3
W 1.892272 1.2269185 0.889449 1.6323899 0.39168572 1.6548827 1.4123595 0.9735086 1.697959 0.62175035 0.7979758 1.7932793 0.122301266 1.2677953 1.1844227 1.1045063 
F 30.0
W 1.2178444 0.95274955 1.2682831 1.0883671 0.68107307 0.9515195 1.1021656 0.8439536 1.1690543 1.4983044 1.6577429 0.9736412 1.5082884 1.8057777 0.87066257 1.5188248 
F 30.0
W 1.0586426 1.5119652 1.353967 1.6717865 1.6181877 1.4421266 2.2404191 0.4595347 1.8406938 0.86071557 1.5917342 1.4619038 1.7763835 0.65342736 0.3427671 1.368517 
F 30.0
W 1.1953536 0.9288802 0.8505474 1.3698924 1.9889474 0.94570476 0.47779804 1.5860393 1.2491722 0.7086502 1.1542481 0.8950503 0.9397155 1.9170736 0.31205422 1.3553958 
F 20.0
W 2.0015755 1.1961261 0.85926116 1.6732398 0.47270238 1.4434551 1.4193535 0.887199 1.5957507 0.64878774 0.79535854 1.7755641 0.08637231 1.2953186 1.149083 1.0236427 
F 20.0
W 1.0586426 1.5119652 1.353967 1.6717865 1.6181877 1.4421266 2.2404191 0.4595347 1.8406938 0.86071557 1.5917342 1.4619038 1.7763835 0.65342736 0.3427671 1.368517 
F 20.0
W 1.1953536 0.9288802 0.8505474 1.3698924 1.9889474 0.94570476 0.47779804 1.5860393 1.2491722 0.7086502 1.1542481 0.8950503 0.9397155 1.9170736 0.31205422 1.3553958 
F 20.0
W 2.0015755 1.1961261 0.85926116 1.6732398 0.47270238 1.4434551 1.4193535 0.887199 1.5957507 0.64878774 0.79535854 1.7755641 0.08637231 1.2953186 1.149083 1.0236427 
F 20.0
W 1.2178444 0.95274955 1.2682831 1.0883671 0.68107307 0.9515195 1.1021656 0.8439536 1.1690543 1.4983044 1.6577429 0.9736412 1.5082884 1.8057777 0.87066257 1.5188248 
F 20.0
W 1.892272 1.2269185 0.889449 1.6323899 0.39168572 1.6548827 1.4123595 0.9735086 1.697959 0.62175035 0.7979758 1.7932793 0.122301266 1.2677953 1.1844227 1.1045063 
F 10.0
Generation 4
W 1.1953536 0.9288802 0.8505474 1.3698924 1.9889474 0.94570476 0.47779804 1.5860393 1.2491722 0.7086502 1.1542481 0.8950503 0.9397155 1.9170736 0.31205422 1.3553958 
F 30.0
W 1.0586426 1.5119652 1.353967 1.6717865 1.6181877 1.4421266 2.2404191 0.4595347 1.8406938 0.86071557 1.5917342 1.4619038 1.7763835 0.65342736 0.3427671 1.368517 
F 30.0
W 1.892272 1.2269185 0.889449 1.6323899 0.39168572 1.6548827 1.4123595 0.9735086 1.697959 0.62175035 0.7979758 1.7932793 0.122301266 1.2677953 1.1844227 1.1045063 
F 30.0
W 1.892272 1.2269185 0.889449 1.6323899 0.39168572 1.6548827 1.4123595 0.9735086 1.697959 0.62175035 0.7979758 1.7932793 0.122301266 1.2677953 1.1844227 1.1045063 
F 30.0
W 1.0586426 1.5119652 1.353967 1.6717865 1.6181877 1.4421266 2.2404191 0.4595347 1.8406938 0.86071557 1.5917342 1.4619038 1.7763835 0.65342736 0.3427671 1.368517 
F 20.0
W 1.2178444 0.95274955 1.2682831 1.0883671 0.68107307 0.9515195 1.1021656 0.8439536 1.1690543 1.4983044 1.6577429 0.9736412 1.5082884 1.8057777 0.87066257 1.5188248 
F 10.0
W 2.0015755 1.1961261 0.85926116 1.6732398 0.47270238 1.4434551 1.4193535 0.887199 1.5957507 0.64878774 0.79535854 1.7755641 0.08637231 1.2953186 1.149083 1.0236427 
F 10.0
W 1.2178444 0.95274955 1.2682831 1.0883671 0.68107307 0.9515195 1.1021656 0.8439536 1.1690543 1.4983044 1.6577429 0.9736412 1.5082884 1.8057777 0.87066257 1.5188248 
F 10.0
W 2.0015755 1.1961261 0.85926116 1.6732398 0.47270238 1.4434551 1.4193535 0.887199 1.5957507 0.64878774 0.79535854 1.7755641 0.08637231 1.2953186 1.149083 1.0236427 
F 0.0
W 1.1953536 0.9288802 0.8505474 1.3698924 1.9889474 0.94570476 0.47779804 1.5860393 1.2491722 0.7086502 1.1542481 0.8950503 0.9397155 1.9170736 0.31205422 1.3553958 
F 0.0
Generation 5
W 1.892272 1.2269185 0.889449 1.6323899 0.39168572 1.6548827 1.4123595 0.9735086 1.697959 0.62175035 0.7979758 1.7932793 0.122301266 1.2677953 1.1844227 1.1045063 
F 30.0
W 1.0586426 1.5119652 1.353967 1.6717865 1.6181877 1.4421266 2.2404191 0.4595347 1.8406938 0.86071557 1.5917342 1.4619038 1.7763835 0.65342736 0.3427671 1.368517 
F 30.0
W 1.892272 1.2269185 0.889449 1.6323899 0.39168572 1.6548827 1.4123595 0.9735086 1.697959 0.62175035 0.7979758 1.7932793 0.122301266 1.2677953 1.1844227 1.1045063 
F 30.0
W 1.0586426 1.5119652 1.353967 1.6717865 1.6181877 1.4421266 2.2404191 0.4595347 1.8406938 0.86071557 1.5917342 1.4619038 1.7763835 0.65342736 0.3427671 1.368517 
F 20.0
W 1.0586426 1.5119652 1.353967 1.6717865 1.6181877 1.4421266 2.2404191 0.4595347 1.8406938 0.86071557 1.5917342 1.4619038 1.7763835 0.65342736 0.3427671 1.368517 
F 20.0
W 1.0586426 1.5119652 1.353967 1.6717865 1.6181877 1.4421266 2.2404191 0.4595347 1.8406938 0.86071557 1.5917342 1.4619038 1.7763835 0.65342736 0.3427671 1.368517 
F 10.0
W 1.892272 1.2269185 0.889449 1.6323899 0.39168572 1.6548827 1.4123595 0.9735086 1.697959 0.62175035 0.7979758 1.7932793 0.122301266 1.2677953 1.1844227 1.1045063 
F 10.0
W 1.1953536 0.9288802 0.8505474 1.3698924 1.9889474 0.94570476 0.47779804 1.5860393 1.2491722 0.7086502 1.1542481 0.8950503 0.9397155 1.9170736 0.31205422 1.3553958 
F 10.0
W 1.892272 1.2269185 0.889449 1.6323899 0.39168572 1.6548827 1.4123595 0.9735086 1.697959 0.62175035 0.7979758 1.7932793 0.122301266 1.2677953 1.1844227 1.1045063 
F 10.0
W 1.1953536 0.9288802 0.8505474 1.3698924 1.9889474 0.94570476 0.47779804 1.5860393 1.2491722 0.7086502 1.1542481 0.8950503 0.9397155 1.9170736 0.31205422 1.3553958 
F 0.0
Generation 6
W 1.0586426 1.5119652 1.353967 1.6717865 1.6181877 1.4421266 2.2404191 0.4595347 1.8406938 0.86071557 1.5917342 1.4619038 1.7763835 0.65342736 0.3427671 1.368517 
F 30.0
W 1.892272 1.2269185 0.889449 1.6323899 0.39168572 1.6548827 1.4123595 0.9735086 1.697959 0.62175035 0.7979758 1.7932793 0.122301266 1.2677953 1.1844227 1.1045063 
F 30.0
W 1.0586426 1.5119652 1.353967 1.6717865 1.6181877 1.4421266 2.2404191 0.4595347 1.8406938 0.86071557 1.5917342 1.4619038 1.7763835 0.65342736 0.3427671 1.368517 
F 30.0
W 1.0586426 1.5119652 1.353967 1.6717865 1.6181877 1.4421266 2.2404191 0.4595347 1.8406938 0.86071557 1.5917342 1.4619038 1.7763835 0.65342736 0.3427671 1.368517 
F 20.0
W 1.0586426 1.5119652 1.353967 1.6717865 1.6181877 1.4421266 2.2404191 0.4595347 1.8406938 0.86071557 1.5917342 1.4619038 1.7763835 0.65342736 0.3427671 1.368517 
F 20.0
W 1.0586426 1.5119652 1.353967 1.6717865 1.6181877 1.4421266 2.2404191 0.4595347 1.8406938 0.86071557 1.5917342 1.4619038 1.7763835 0.65342736 0.3427671 1.368517 
F 20.0
W 1.892272 1.2269185 0.889449 1.6323899 0.39168572 1.6548827 1.4123595 0.9735086 1.697959 0.62175035 0.7979758 1.7932793 0.122301266 1.2677953 1.1844227 1.1045063 
F 20.0
W 1.0586426 1.5119652 1.353967 1.6717865 1.6181877 1.4421266 2.2404191 0.4595347 1.8406938 0.86071557 1.5917342 1.4619038 1.7763835 0.65342736 0.3427671 1.368517 
F 10.0
W 1.892272 1.2269185 0.889449 1.6323899 0.39168572 1.6548827 1.4123595 0.9735086 1.697959 0.62175035 0.7979758 1.7932793 0.122301266 1.2677953 1.1844227 1.1045063 
F 0.0
W 1.892272 1.2269185 0.889449 1.6323899 0.39168572 1.6548827 1.4123595 0.9735086 1.697959 0.62175035 0.7979758 1.7932793 0.122301266 1.2677953 1.1844227 1.1045063 
F 0.0
Generation 7
W 1.0586426 1.5119652 1.353967 1.6717865 1.6181877 1.4421266 2.2404191 0.4595347 1.8406938 0.86071557 1.5917342 1.4619038 1.7763835 0.65342736 0.3427671 1.368517 
F 30.0
W 1.892272 1.2269185 0.889449 1.6323899 0.39168572 1.6548827 1.4123595 0.9735086 1.697959 0.62175035 0.7979758 1.7932793 0.122301266 1.2677953 1.1844227 1.1045063 
F 30.0
W 1.0586426 1.5119652 1.353967 1.6717865 1.6181877 1.4421266 2.2404191 0.4595347 1.8406938 0.86071557 1.5917342 1.4619038 1.7763835 0.65342736 0.3427671 1.368517 
F 20.0
W 1.0586426 1.5119652 1.353967 1.6717865 1.6181877 1.4421266 2.2404191 0.4595347 1.8406938 0.86071557 1.5917342 1.4619038 1.7763835 0.65342736 0.3427671 1.368517 
F 20.0
W 1.0586426 1.5119652 1.353967 1.6717865 1.6181877 1.4421266 2.2404191 0.4595347 1.8406938 0.86071557 1.5917342 1.4619038 1.7763835 0.65342736 0.3427671 1.368517 
F 10.0
W 1.892272 1.2269185 0.889449 1.6323899 0.39168572 1.6548827 1.4123595 0.9735086 1.697959 0.62175035 0.7979758 1.7932793 0.122301266 1.2677953 1.1844227 1.1045063 
F 10.0
W 1.0586426 1.5119652 1.353967 1.6717865 1.6181877 1.4421266 2.2404191 0.4595347 1.8406938 0.86071557 1.5917342 1.4619038 1.7763835 0.65342736 0.3427671 1.368517 
F 10.0
W 1.0586426 1.5119652 1.353967 1.6717865 1.6181877 1.4421266 2.2404191 0.4595347 1.8406938 0.86071557 1.5917342 1.4619038 1.7763835 0.65342736 0.3427671 1.368517 
F 10.0
W 1.0586426 1.5119652 1.353967 1.6717865 1.6181877 1.4421266 2.2404191 0.4595347 1.8406938 0.86071557 1.5917342 1.4619038 1.7763835 0.65342736 0.3427671 1.368517 
F 0.0
W 1.0586426 1.5119652 1.353967 1.6717865 1.6181877 1.4421266 2.2404191 0.4595347 1.8406938 0.86071557 1.5917342 1.4619038 1.7763835 0.65342736 0.3427671 1.368517 
F 0.0
Generation 8
W 1.0586426 1.5119652 1.353967 1.6717865 1.6181877 1.4421266 2.2404191 0.4595347 1.8406938 0.86071557 1.5917342 1.4619038 1.7763835 0.65342736 0.3427671 1.368517 
F 40.0
W 1.0586426 1.5119652 1.353967 1.6717865 1.6181877 1.4421266 2.2404191 0.4595347 1.8406938 0.86071557 1.5917342 1.4619038 1.7763835 0.65342736 0.3427671 1.368517 
F 30.0
W 1.0586426 1.5119652 1.353967 1.6717865 1.6181877 1.4421266 2.2404191 0.4595347 1.8406938 0.86071557 1.5917342 1.4619038 1.7763835 0.65342736 0.3427671 1.368517 
F 30.0
W 1.0586426 1.5119652 1.353967 1.6717865 1.6181877 1.4421266 2.2404191 0.4595347 1.8406938 0.86071557 1.5917342 1.4619038 1.7763835 0.65342736 0.3427671 1.368517 
F 20.0
W 1.0586426 1.5119652 1.353967 1.6717865 1.6181877 1.4421266 2.2404191 0.4595347 1.8406938 0.86071557 1.5917342 1.4619038 1.7763835 0.65342736 0.3427671 1.368517 
F 20.0
W 1.0586426 1.5119652 1.353967 1.6717865 1.6181877 1.4421266 2.2404191 0.4595347 1.8406938 0.86071557 1.5917342 1.4619038 1.7763835 0.65342736 0.3427671 1.368517 
F 20.0
W 1.0586426 1.5119652 1.353967 1.6717865 1.6181877 1.4421266 2.2404191 0.4595347 1.8406938 0.86071557 1.5917342 1.4619038 1.7763835 0.65342736 0.3427671 1.368517 
F 20.0
W 1.892272 1.2269185 0.889449 1.6323899 0.39168572 1.6548827 1.4123595 0.9735086 1.697959 0.62175035 0.7979758 1.7932793 0.122301266 1.2677953 1.1844227 1.1045063 
F 20.0
W 1.892272 1.2269185 0.889449 1.6323899 0.39168572 1.6548827 1.4123595 0.9735086 1.697959 0.62175035 0.7979758 1.7932793 0.122301266 1.2677953 1.1844227 1.1045063 
F 10.0
W 1.0586426 1.5119652 1.353967 1.6717865 1.6181877 1.4421266 2.2404191 0.4595347 1.8406938 0.86071557 1.5917342 1.4619038 1.7763835 0.65342736 0.3427671 1.368517 
F 10.0
Generation 9
W 1.0586426 1.5119652 1.353967 1.6717865 1.6181877 1.4421266 2.2404191 0.4595347 1.8406938 0.86071557 1.5917342 1.4619038 1.7763835 0.65342736 0.3427671 1.368517 
F 30.0
W 1.0586426 1.5119652 1.353967 1.6717865 1.6181877 1.4421266 2.2404191 0.4595347 1.8406938 0.86071557 1.5917342 1.4619038 1.7763835 0.65342736 0.3427671 1.368517 
F 30.0
W 1.0586426 1.5119652 1.353967 1.6717865 1.6181877 1.4421266 2.2404191 0.4595347 1.8406938 0.86071557 1.5917342 1.4619038 1.7763835 0.65342736 0.3427671 1.368517 
F 30.0
W 1.0586426 1.5119652 1.353967 1.6717865 1.6181877 1.4421266 2.2404191 0.4595347 1.8406938 0.86071557 1.5917342 1.4619038 1.7763835 0.65342736 0.3427671 1.368517 
F 20.0
W 1.0586426 1.5119652 1.353967 1.6717865 1.6181877 1.4421266 2.2404191 0.4595347 1.8406938 0.86071557 1.5917342 1.4619038 1.7763835 0.65342736 0.3427671 1.368517 
F 20.0
W 1.0586426 1.5119652 1.353967 1.6717865 1.6181877 1.4421266 2.2404191 0.4595347 1.8406938 0.86071557 1.5917342 1.4619038 1.7763835 0.65342736 0.3427671 1.368517 
F 20.0
W 1.0586426 1.5119652 1.353967 1.6717865 1.6181877 1.4421266 2.2404191 0.4595347 1.8406938 0.86071557 1.5917342 1.4619038 1.7763835 0.65342736 0.3427671 1.368517 
F 10.0
W 1.0586426 1.5119652 1.353967 1.6717865 1.6181877 1.4421266 2.2404191 0.4595347 1.8406938 0.86071557 1.5917342 1.4619038 1.7763835 0.65342736 0.3427671 1.368517 
F 10.0
W 1.0586426 1.5119652 1.353967 1.6717865 1.6181877 1.4421266 2.2404191 0.4595347 1.8406938 0.86071557 1.5917342 1.4619038 1.7763835 0.65342736 0.3427671 1.368517 
F 0.0
W 1.0586426 1.5119652 1.353967 1.6717865 1.6181877 1.4421266 2.2404191 0.4595347 1.8406938 0.86071557 1.5917342 1.4619038 1.7763835 0.65342736 0.3427671 1.368517 
F 0.0
Generation 10
W 1.0586426 1.5119652 1.353967 1.6717865 1.6181877 1.4421266 2.2404191 0.4595347 1.8406938 0.86071557 1.5917342 1.4619038 1.7763835 0.65342736 0.3427671 1.368517 
F 30.0
W 1.0586426 1.5119652 1.353967 1.6717865 1.6181877 1.4421266 2.2404191 0.4595347 1.8406938 0.86071557 1.5917342 1.4619038 1.7763835 0.65342736 0.3427671 1.368517 
F 20.0
W 1.0586426 1.5119652 1.353967 1.6717865 1.6181877 1.4421266 2.2404191 0.4595347 1.8406938 0.86071557 1.5917342 1.4619038 1.7763835 0.65342736 0.3427671 1.368517 
F 20.0
W 1.0586426 1.5119652 1.353967 1.6717865 1.6181877 1.4421266 2.2404191 0.4595347 1.8406938 0.86071557 1.5917342 1.4619038 1.7763835 0.65342736 0.3427671 1.368517 
F 20.0
W 1.0586426 1.5119652 1.353967 1.6717865 1.6181877 1.4421266 2.2404191 0.4595347 1.8406938 0.86071557 1.5917342 1.4619038 1.7763835 0.65342736 0.3427671 1.368517 
F 20.0
W 1.0586426 1.5119652 1.353967 1.6717865 1.6181877 1.4421266 2.2404191 0.4595347 1.8406938 0.86071557 1.5917342 1.4619038 1.7763835 0.65342736 0.3427671 1.368517 
F 20.0
W 1.0586426 1.5119652 1.353967 1.6717865 1.6181877 1.4421266 2.2404191 0.4595347 1.8406938 0.86071557 1.5917342 1.4619038 1.7763835 0.65342736 0.3427671 1.368517 
F 10.0
W 1.0586426 1.5119652 1.353967 1.6717865 1.6181877 1.4421266 2.2404191 0.4595347 1.8406938 0.86071557 1.5917342 1.4619038 1.7763835 0.65342736 0.3427671 1.368517 
F 10.0
W 1.0586426 1.5119652 1.353967 1.6717865 1.6181877 1.4421266 2.2404191 0.4595347 1.8406938 0.86071557 1.5917342 1.4619038 1.7763835 0.65342736 0.3427671 1.368517 
F 0.0
W 1.0586426 1.5119652 1.353967 1.6717865 1.6181877 1.4421266 2.2404191 0.4595347 1.8406938 0.86071557 1.5917342 1.4619038 1.7763835 0.65342736 0.3427671 1.368517 
F 0.0
Generation 11
W 1.0586426 1.5119652 1.353967 1.6717865 1.6181877 1.4421266 2.2404191 0.4595347 1.8406938 0.86071557 1.5917342 1.4619038 1.7763835 0.65342736 0.3427671 1.368517 
F 50.0
W 1.0586426 1.5119652 1.353967 1.6717865 1.6181877 1.4421266 2.2404191 0.4595347 1.8406938 0.86071557 1.5917342 1.4619038 1.7763835 0.65342736 0.3427671 1.368517 
F 30.0
W 1.0586426 1.5119652 1.353967 1.6717865 1.6181877 1.4421266 2.2404191 0.4595347 1.8406938 0.86071557 1.5917342 1.4619038 1.7763835 0.65342736 0.3427671 1.368517 
F 20.0
W 1.0586426 1.5119652 1.353967 1.6717865 1.6181877 1.4421266 2.2404191 0.4595347 1.8406938 0.86071557 1.5917342 1.4619038 1.7763835 0.65342736 0.3427671 1.368517 
F 20.0
W 1.0586426 1.5119652 1.353967 1.6717865 1.6181877 1.4421266 2.2404191 0.4595347 1.8406938 0.86071557 1.5917342 1.4619038 1.7763835 0.65342736 0.3427671 1.368517 
F 10.0
W 1.0586426 1.5119652 1.353967 1.6717865 1.6181877 1.4421266 2.2404191 0.4595347 1.8406938 0.86071557 1.5917342 1.4619038 1.7763835 0.65342736 0.3427671 1.368517 
F 10.0
W 1.0586426 1.5119652 1.353967 1.6717865 1.6181877 1.4421266 2.2404191 0.4595347 1.8406938 0.86071557 1.5917342 1.4619038 1.7763835 0.65342736 0.3427671 1.368517 
F 10.0
W 1.0586426 1.5119652 1.353967 1.6717865 1.6181877 1.4421266 2.2404191 0.4595347 1.8406938 0.86071557 1.5917342 1.4619038 1.7763835 0.65342736 0.3427671 1.368517 
F 10.0
W 1.0586426 1.5119652 1.353967 1.6717865 1.6181877 1.4421266 2.2404191 0.4595347 1.8406938 0.86071557 1.5917342 1.4619038 1.7763835 0.65342736 0.3427671 1.368517 
F 0.0
W 1.0586426 1.5119652 1.353967 1.6717865 1.6181877 1.4421266 2.2404191 0.4595347 1.8406938 0.86071557 1.5917342 1.4619038 1.7763835 0.65342736 0.3427671 1.368517 
F 0.0
Generation 12
W 1.0586426 1.5119652 1.353967 1.6717865 1.6181877 1.4421266 2.2404191 0.4595347 1.8406938 0.86071557 1.5917342 1.4619038 1.7763835 0.65342736 0.3427671 1.368517 
F 30.0
W 1.0586426 1.5119652 1.353967 1.6717865 1.6181877 1.4421266 2.2404191 0.4595347 1.8406938 0.86071557 1.5917342 1.4619038 1.7763835 0.65342736 0.3427671 1.368517 
F 30.0
W 1.0586426 1.5119652 1.353967 1.6717865 1.6181877 1.4421266 2.2404191 0.4595347 1.8406938 0.86071557 1.5917342 1.4619038 1.7763835 0.65342736 0.3427671 1.368517 
F 30.0
W 1.0586426 1.5119652 1.353967 1.6717865 1.6181877 1.4421266 2.2404191 0.4595347 1.8406938 0.86071557 1.5917342 1.4619038 1.7763835 0.65342736 0.3427671 1.368517 
F 30.0
W 1.0586426 1.5119652 1.353967 1.6717865 1.6181877 1.4421266 2.2404191 0.4595347 1.8406938 0.86071557 1.5917342 1.4619038 1.7763835 0.65342736 0.3427671 1.368517 
F 30.0
W 1.0586426 1.5119652 1.353967 1.6717865 1.6181877 1.4421266 2.2404191 0.4595347 1.8406938 0.86071557 1.5917342 1.4619038 1.7763835 0.65342736 0.3427671 1.368517 
F 20.0
W 1.0586426 1.5119652 1.353967 1.6717865 1.6181877 1.4421266 2.2404191 0.4595347 1.8406938 0.86071557 1.5917342 1.4619038 1.7763835 0.65342736 0.3427671 1.368517 
F 20.0
W 1.0586426 1.5119652 1.353967 1.6717865 1.6181877 1.4421266 2.2404191 0.4595347 1.8406938 0.86071557 1.5917342 1.4619038 1.7763835 0.65342736 0.3427671 1.368517 
F 10.0
W 1.0586426 1.5119652 1.353967 1.6717865 1.6181877 1.4421266 2.2404191 0.4595347 1.8406938 0.86071557 1.5917342 1.4619038 1.7763835 0.65342736 0.3427671 1.368517 
F 10.0
W 1.0586426 1.5119652 1.353967 1.6717865 1.6181877 1.4421266 2.2404191 0.4595347 1.8406938 0.86071557 1.5917342 1.4619038 1.7763835 0.65342736 0.3427671 1.368517 
F 10.0
Generation 13
W 1.1643878 1.5460588 1.4865887 1.7063084 1.6861507 1.5403637 2.4047859 0.6166937 1.9573452 0.93467927 1.7032892 1.5890726 1.9431009 0.774465 0.40958244 1.4153723 
F 50.0
W 1.1890919 1.6219497 1.4100373 1.7704229 1.7647617 1.5260268 2.3104734 0.59780324 1.8722395 0.9469889 1.7246853 1.5776582 1.959702 0.6466301 0.4207892 1.42878 
F 40.0
W 1.1301751 1.7022266 1.4559495 1.7683835 1.72038 1.4790708 2.309017 0.47748125 1.8841455 0.92042536 1.702862 1.5448841 1.94998 0.7029854 0.5615471 1.4439216 
F 30.0
W 1.1506875 1.5978667 1.4245503 1.7254891 1.7616178 1.5420555 2.2890346 0.54302764 1.9168773 0.96186054 1.6967689 1.5300872 1.8654002 0.74920785 0.5243382 1.3633609 
F 30.0
W 1.1005498 1.5637875 1.485204 1.7833647 1.7087649 1.4477806 2.3399591 0.59847873 1.9562442 0.8335684 1.7155433 1.5307617 1.7921878 0.7779239 0.44393396 1.4627199 
F 20.0
W 1.2130406 1.6420766 1.4522294 1.8741108 1.6768738 1.4965686 2.3267076 0.5488671 1.9339567 0.9871844 1.7437539 1.6090269 1.9103148 0.77182174 0.48688477 1.3715945 
F 20.0
W 1.2054042 1.6601331 1.5073395 1.8053865 1.7677613 1.5313462 2.308687 0.53242683 1.9098908 0.99612737 1.7107422 1.537852 1.8736641 0.8127043 0.3501503 1.4730229 
F 20.0
W 1.1587598 1.4996316 1.4877499 1.780118 1.7221209 1.5437748 2.3264682 0.57968104 1.8866466 0.88146746 1.6626132 1.5792781 1.962549 0.7682338 0.4450753 1.4166138 
F 10.0
W 1.1448694 1.5933126 1.5307524 1.8452855 1.7336187 1.5968981 2.3426611 0.5225364 1.9529167 0.94992036 1.6772412 1.6091067 1.8220279 0.70073974 0.44673076 1.4176221 
F 10.0
W 1.1620821 1.6021637 1.4690195 1.6945148 1.6954885 1.4808908 2.348533 0.44841832 2.009623 0.84239256 1.7465506 1.6690352 1.8729433 0.69551104 0.48839295 1.542572 
F 0.0
Generation 14
W 1.1890919 1.6219497 1.4100373 1.7704229 1.7647617 1.5260268 2.3104734 0.59780324 1.8722395 0.9469889 1.7246853 1.5776582 1.959702 0.6466301 0.4207892 1.42878 
F 50.0
W 1.1301751 1.7022266 1.4559495 1.7683835 1.72038 1.4790708 2.309017 0.47748125 1.8841455 0.92042536 1.702862 1.5448841 1.94998 0.7029854 0.5615471 1.4439216 
F 30.0
W 1.1643878 1.5460588 1.4865887 1.7063084 1.6861507 1.5403637 2.4047859 0.6166937 1.9573452 0.93467927 1.7032892 1.5890726 1.9431009 0.774465 0.40958244 1.4153723 
F 20.0
W 1.1005498 1.5637875 1.485204 1.7833647 1.7087649 1.4477806 2.3399591 0.59847873 1.9562442 0.8335684 1.7155433 1.5307617 1.7921878 0.7779239 0.44393396 1.4627199 
F 10.0
W 1.1506875 1.5978667 1.4245503 1.7254891 1.7616178 1.5420555 2.2890346 0.54302764 1.9168773 0.96186054 1.6967689 1.5300872 1.8654002 0.74920785 0.5243382 1.3633609 
F 10.0
W 1.1301751 1.7022266 1.4559495 1.7683835 1.72038 1.4790708 2.309017 0.47748125 1.8841455 0.92042536 1.702862 1.5448841 1.94998 0.7029854 0.5615471 1.4439216 
F 10.0
W 1.1643878 1.5460588 1.4865887 1.7063084 1.6861507 1.5403637 2.4047859 0.6166937 1.9573452 0.93467927 1.7032892 1.5890726 1.9431009 0.774465 0.40958244 1.4153723 
F 10.0
W 1.1005498 1.5637875 1.485204 1.7833647 1.7087649 1.4477806 2.3399591 0.59847873 1.9562442 0.8335684 1.7155433 1.5307617 1.7921878 0.7779239 0.44393396 1.4627199 
F 10.0
W 1.1506875 1.5978667 1.4245503 1.7254891 1.7616178 1.5420555 2.2890346 0.54302764 1.9168773 0.96186054 1.6967689 1.5300872 1.8654002 0.74920785 0.5243382 1.3633609 
F 10.0
W 1.1890919 1.6219497 1.4100373 1.7704229 1.7647617 1.5260268 2.3104734 0.59780324 1.8722395 0.9469889 1.7246853 1.5776582 1.959702 0.6466301 0.4207892 1.42878 
F 0.0
Generation 15
W 1.1643878 1.5460588 1.4865887 1.7063084 1.6861507 1.5403637 2.4047859 0.6166937 1.9573452 0.93467927 1.7032892 1.5890726 1.9431009 0.774465 0.40958244 1.4153723 
F 40.0
W 1.1301751 1.7022266 1.4559495 1.7683835 1.72038 1.4790708 2.309017 0.47748125 1.8841455 0.92042536 1.702862 1.5448841 1.94998 0.7029854 0.5615471 1.4439216 
F 30.0
W 1.1890919 1.6219497 1.4100373 1.7704229 1.7647617 1.5260268 2.3104734 0.59780324 1.8722395 0.9469889 1.7246853 1.5776582 1.959702 0.6466301 0.4207892 1.42878 
F 30.0
W 1.1506875 1.5978667 1.4245503 1.7254891 1.7616178 1.5420555 2.2890346 0.54302764 1.9168773 0.96186054 1.6967689 1.5300872 1.8654002 0.74920785 0.5243382 1.3633609 
F 30.0
W 1.1005498 1.5637875 1.485204 1.7833647 1.7087649 1.4477806 2.3399591 0.59847873 1.9562442 0.8335684 1.7155433 1.5307617 1.7921878 0.7779239 0.44393396 1.4627199 
F 20.0
W 1.1301751 1.7022266 1.4559495 1.7683835 1.72038 1.4790708 2.309017 0.47748125 1.8841455 0.92042536 1.702862 1.5448841 1.94998 0.7029854 0.5615471 1.4439216 
F 20.0
W 1.1506875 1.5978667 1.4245503 1.7254891 1.7616178 1.5420555 2.2890346 0.54302764 1.9168773 0.96186054 1.6967689 1.5300872 1.8654002 0.74920785 0.5243382 1.3633609 
F 10.0
W 1.1643878 1.5460588 1.4865887 1.7063084 1.6861507 1.5403637 2.4047859 0.6166937 1.9573452 0.93467927 1.7032892 1.5890726 1.9431009 0.774465 0.40958244 1.4153723 
F 10.0
W 1.1890919 1.6219497 1.4100373 1.7704229 1.7647617 1.5260268 2.3104734 0.59780324 1.8722395 0.9469889 1.7246853 1.5776582 1.959702 0.6466301 0.4207892 1.42878 
F 10.0
W 1.1005498 1.5637875 1.485204 1.7833647 1.7087649 1.4477806 2.3399591 0.59847873 1.9562442 0.8335684 1.7155433 1.5307617 1.7921878 0.7779239 0.44393396 1.4627199 
F 0.0
Generation 16
W 1.1506875 1.5978667 1.4245503 1.7254891 1.7616178 1.5420555 2.2890346 0.54302764 1.9168773 0.96186054 1.6967689 1.5300872 1.8654002 0.74920785 0.5243382 1.3633609 
F 20.0
W 1.1890919 1.6219497 1.4100373 1.7704229 1.7647617 1.5260268 2.3104734 0.59780324 1.8722395 0.9469889 1.7246853 1.5776582 1.959702 0.6466301 0.4207892 1.42878 
F 20.0
W 1.1643878 1.5460588 1.4865887 1.7063084 1.6861507 1.5403637 2.4047859 0.6166937 1.9573452 0.93467927 1.7032892 1.5890726 1.9431009 0.774465 0.40958244 1.4153723 
F 20.0
W 1.1005498 1.5637875 1.485204 1.7833647 1.7087649 1.4477806 2.3399591 0.59847873 1.9562442 0.8335684 1.7155433 1.5307617 1.7921878 0.7779239 0.44393396 1.4627199 
F 20.0
W 1.1506875 1.5978667 1.4245503 1.7254891 1.7616178 1.5420555 2.2890346 0.54302764 1.9168773 0.96186054 1.6967689 1.5300872 1.8654002 0.74920785 0.5243382 1.3633609 
F 20.0
W 1.1643878 1.5460588 1.4865887 1.7063084 1.6861507 1.5403637 2.4047859 0.6166937 1.9573452 0.93467927 1.7032892 1.5890726 1.9431009 0.774465 0.40958244 1.4153723 
F 20.0
W 1.1301751 1.7022266 1.4559495 1.7683835 1.72038 1.4790708 2.309017 0.47748125 1.8841455 0.92042536 1.702862 1.5448841 1.94998 0.7029854 0.5615471 1.4439216 
F 10.0
W 1.1890919 1.6219497 1.4100373 1.7704229 1.7647617 1.5260268 2.3104734 0.59780324 1.8722395 0.9469889 1.7246853 1.5776582 1.959702 0.6466301 0.4207892 1.42878 
F 10.0
W 1.1301751 1.7022266 1.4559495 1.7683835 1.72038 1.4790708 2.309017 0.47748125 1.8841455 0.92042536 1.702862 1.5448841 1.94998 0.7029854 0.5615471 1.4439216 
F 10.0
W 1.1005498 1.5637875 1.485204 1.7833647 1.7087649 1.4477806 2.3399591 0.59847873 1.9562442 0.8335684 1.7155433 1.5307617 1.7921878 0.7779239 0.44393396 1.4627199 
F 0.0
Generation 17
W 1.1506875 1.5978667 1.4245503 1.7254891 1.7616178 1.5420555 2.2890346 0.54302764 1.9168773 0.96186054 1.6967689 1.5300872 1.8654002 0.74920785 0.5243382 1.3633609 
F 30.0
W 1.1506875 1.5978667 1.4245503 1.7254891 1.7616178 1.5420555 2.2890346 0.54302764 1.9168773 0.96186054 1.6967689 1.5300872 1.8654002 0.74920785 0.5243382 1.3633609 
F 30.0
W 1.1005498 1.5637875 1.485204 1.7833647 1.7087649 1.4477806 2.3399591 0.59847873 1.9562442 0.8335684 1.7155433 1.5307617 1.7921878 0.7779239 0.44393396 1.4627199 
F 20.0
W 1.1005498 1.5637875 1.485204 1.7833647 1.7087649 1.4477806 2.3399591 0.59847873 1.9562442 0.8335684 1.7155433 1.5307617 1.7921878 0.7779239 0.44393396 1.4627199 
F 20.0
W 1.1890919 1.6219497 1.4100373 1.7704229 1.7647617 1.5260268 2.3104734 0.59780324 1.8722395 0.9469889 1.7246853 1.5776582 1.959702 0.6466301 0.4207892 1.42878 
F 10.0
W 1.1506875 1.5978667 1.4245503 1.7254891 1.7616178 1.5420555 2.2890346 0.54302764 1.9168773 0.96186054 1.6967689 1.5300872 1.8654002 0.74920785 0.5243382 1.3633609 
F 10.0
W 1.1506875 1.5978667 1.4245503 1.7254891 1.7616178 1.5420555 2.2890346 0.54302764 1.9168773 0.96186054 1.6967689 1.5300872 1.8654002 0.74920785 0.5243382 1.3633609 
F 10.0
W 1.1890919 1.6219497 1.4100373 1.7704229 1.7647617 1.5260268 2.3104734 0.59780324 1.8722395 0.9469889 1.7246853 1.5776582 1.959702 0.6466301 0.4207892 1.42878 
F 10.0
W 1.1643878 1.5460588 1.4865887 1.7063084 1.6861507 1.5403637 2.4047859 0.6166937 1.9573452 0.93467927 1.7032892 1.5890726 1.9431009 0.774465 0.40958244 1.4153723 
F 0.0
W 1.1643878 1.5460588 1.4865887 1.7063084 1.6861507 1.5403637 2.4047859 0.6166937 1.9573452 0.93467927 1.7032892 1.5890726 1.9431009 0.774465 0.40958244 1.4153723 
F 0.0
Generation 18
W 1.1890919 1.6219497 1.4100373 1.7704229 1.7647617 1.5260268 2.3104734 0.59780324 1.8722395 0.9469889 1.7246853 1.5776582 1.959702 0.6466301 0.4207892 1.42878 
F 30.0
W 1.1005498 1.5637875 1.485204 1.7833647 1.7087649 1.4477806 2.3399591 0.59847873 1.9562442 0.8335684 1.7155433 1.5307617 1.7921878 0.7779239 0.44393396 1.4627199 
F 30.0
W 1.1005498 1.5637875 1.485204 1.7833647 1.7087649 1.4477806 2.3399591 0.59847873 1.9562442 0.8335684 1.7155433 1.5307617 1.7921878 0.7779239 0.44393396 1.4627199 
F 30.0
W 1.1005498 1.5637875 1.485204 1.7833647 1.7087649 1.4477806 2.3399591 0.59847873 1.9562442 0.8335684 1.7155433 1.5307617 1.7921878 0.7779239 0.44393396 1.4627199 
F 20.0
W 1.1005498 1.5637875 1.485204 1.7833647 1.7087649 1.4477806 2.3399591 0.59847873 1.9562442 0.8335684 1.7155433 1.5307617 1.7921878 0.7779239 0.44393396 1.4627199 
F 20.0
W 1.1506875 1.5978667 1.4245503 1.7254891 1.7616178 1.5420555 2.2890346 0.54302764 1.9168773 0.96186054 1.6967689 1.5300872 1.8654002 0.74920785 0.5243382 1.3633609 
F 20.0
W 1.1506875 1.5978667 1.4245503 1.7254891 1.7616178 1.5420555 2.2890346 0.54302764 1.9168773 0.96186054 1.6967689 1.5300872 1.8654002 0.74920785 0.5243382 1.3633609 
F 20.0
W 1.1506875 1.5978667 1.4245503 1.7254891 1.7616178 1.5420555 2.2890346 0.54302764 1.9168773 0.96186054 1.6967689 1.5300872 1.8654002 0.74920785 0.5243382 1.3633609 
F 10.0
W 1.1890919 1.6219497 1.4100373 1.7704229 1.7647617 1.5260268 2.3104734 0.59780324 1.8722395 0.9469889 1.7246853 1.5776582 1.959702 0.6466301 0.4207892 1.42878 
F 10.0
W 1.1506875 1.5978667 1.4245503 1.7254891 1.7616178 1.5420555 2.2890346 0.54302764 1.9168773 0.96186054 1.6967689 1.5300872 1.8654002 0.74920785 0.5243382 1.3633609 
F 0.0
Generation 19
W 1.1005498 1.5637875 1.485204 1.7833647 1.7087649 1.4477806 2.3399591 0.59847873 1.9562442 0.8335684 1.7155433 1.5307617 1.7921878 0.7779239 0.44393396 1.4627199 
F 30.0
W 1.1005498 1.5637875 1.485204 1.7833647 1.7087649 1.4477806 2.3399591 0.59847873 1.9562442 0.8335684 1.7155433 1.5307617 1.7921878 0.7779239 0.44393396 1.4627199 
F 20.0
W 1.1005498 1.5637875 1.485204 1.7833647 1.7087649 1.4477806 2.3399591 0.59847873 1.9562442 0.8335684 1.7155433 1.5307617 1.7921878 0.7779239 0.44393396 1.4627199 
F 20.0
W 1.1005498 1.5637875 1.485204 1.7833647 1.7087649 1.4477806 2.3399591 0.59847873 1.9562442 0.8335684 1.7155433 1.5307617 1.7921878 0.7779239 0.44393396 1.4627199 
F 20.0
W 1.1005498 1.5637875 1.485204 1.7833647 1.7087649 1.4477806 2.3399591 0.59847873 1.9562442 0.8335684 1.7155433 1.5307617 1.7921878 0.7779239 0.44393396 1.4627199 
F 20.0
W 1.1005498 1.5637875 1.485204 1.7833647 1.7087649 1.4477806 2.3399591 0.59847873 1.9562442 0.8335684 1.7155433 1.5307617 1.7921878 0.7779239 0.44393396 1.4627199 
F 20.0
W 1.1890919 1.6219497 1.4100373 1.7704229 1.7647617 1.5260268 2.3104734 0.59780324 1.8722395 0.9469889 1.7246853 1.5776582 1.959702 0.6466301 0.4207892 1.42878 
F 20.0
W 1.1005498 1.5637875 1.485204 1.7833647 1.7087649 1.4477806 2.3399591 0.59847873 1.9562442 0.8335684 1.7155433 1.5307617 1.7921878 0.7779239 0.44393396 1.4627199 
F 10.0
W 1.1890919 1.6219497 1.4100373 1.7704229 1.7647617 1.5260268 2.3104734 0.59780324 1.8722395 0.9469889 1.7246853 1.5776582 1.959702 0.6466301 0.4207892 1.42878 
F 0.0
W 1.1005498 1.5637875 1.485204 1.7833647 1.7087649 1.4477806 2.3399591 0.59847873 1.9562442 0.8335684 1.7155433 1.5307617 1.7921878 0.7779239 0.44393396 1.4627199 
F 0.0
Generation 20
W 1.1005498 1.5637875 1.485204 1.7833647 1.7087649 1.4477806 2.3399591 0.59847873 1.9562442 0.8335684 1.7155433 1.5307617 1.7921878 0.7779239 0.44393396 1.4627199 
F 50.0
W 1.1005498 1.5637875 1.485204 1.7833647 1.7087649 1.4477806 2.3399591 0.59847873 1.9562442 0.8335684 1.7155433 1.5307617 1.7921878 0.7779239 0.44393396 1.4627199 
F 40.0
W 1.1005498 1.5637875 1.485204 1.7833647 1.7087649 1.4477806 2.3399591 0.59847873 1.9562442 0.8335684 1.7155433 1.5307617 1.7921878 0.7779239 0.44393396 1.4627199 
F 30.0
W 1.1005498 1.5637875 1.485204 1.7833647 1.7087649 1.4477806 2.3399591 0.59847873 1.9562442 0.8335684 1.7155433 1.5307617 1.7921878 0.7779239 0.44393396 1.4627199 
F 30.0
W 1.1005498 1.5637875 1.485204 1.7833647 1.7087649 1.4477806 2.3399591 0.59847873 1.9562442 0.8335684 1.7155433 1.5307617 1.7921878 0.7779239 0.44393396 1.4627199 
F 20.0
W 1.1005498 1.5637875 1.485204 1.7833647 1.7087649 1.4477806 2.3399591 0.59847873 1.9562442 0.8335684 1.7155433 1.5307617 1.7921878 0.7779239 0.44393396 1.4627199 
F 20.0
W 1.1005498 1.5637875 1.485204 1.7833647 1.7087649 1.4477806 2.3399591 0.59847873 1.9562442 0.8335684 1.7155433 1.5307617 1.7921878 0.7779239 0.44393396 1.4627199 
F 20.0
W 1.1005498 1.5637875 1.485204 1.7833647 1.7087649 1.4477806 2.3399591 0.59847873 1.9562442 0.8335684 1.7155433 1.5307617 1.7921878 0.7779239 0.44393396 1.4627199 
F 10.0
W 1.1005498 1.5637875 1.485204 1.7833647 1.7087649 1.4477806 2.3399591 0.59847873 1.9562442 0.8335684 1.7155433 1.5307617 1.7921878 0.7779239 0.44393396 1.4627199 
F 0.0
W 1.1005498 1.5637875 1.485204 1.7833647 1.7087649 1.4477806 2.3399591 0.59847873 1.9562442 0.8335684 1.7155433 1.5307617 1.7921878 0.7779239 0.44393396 1.4627199 
F 0.0
Generation 21
W 1.1028625 1.6337171 1.5924337 1.9226879 1.8080796 1.4660004 2.4246619 0.71933526 2.082337 0.8747968 1.8433584 1.6713947 1.8658453 0.9855746 0.51904124 1.4943025 
F 40.0
W 1.2085118 1.702467 1.5904715 1.9059671 1.8265498 1.5645204 2.4375525 0.7126421 2.0601778 0.9770142 1.9396622 1.614937 1.9530027 0.9382713 0.60647976 1.6380925 
F 40.0
W 1.2271488 1.6477858 1.6251805 1.858672 1.8052336 1.5058644 2.4933689 0.6853472 2.0065281 0.8582449 1.9126375 1.6397524 1.9706318 0.89924365 0.6524094 1.5312555 
F 30.0
W 1.1705155 1.7316449 1.5753831 1.7783197 1.8733429 1.4889544 2.4021952 0.68234783 2.0515301 0.91031116 1.7701126 1.5996205 1.9199774 0.83529377 0.5518673 1.4969951 
F 30.0
W 1.024887 1.5933584 1.5654746 1.9022124 1.7783341 1.562302 2.5100067 0.6338819 2.05643 0.94671106 1.7934712 1.642059 1.7916256 0.91682506 0.52250314 1.5422287 
F 20.0
W 1.1916306 1.6460823 1.6027107 1.8859346 1.7793832 1.5764998 2.462267 0.6406627 1.981259 0.9509552 1.8774173 1.6089835 1.8537698 0.8647107 0.49767947 1.6416785 
F 20.0
W 1.2226378 1.6382741 1.6418643 1.8811367 1.8335785 1.518651 2.3476267 0.7229569 2.1026056 0.9218816 1.7788751 1.6842964 1.8978481 0.89292014 0.57956976 1.5001454 
F 20.0
W 1.2236753 1.6709974 1.6255046 1.9053268 1.8944812 1.5890229 2.4809504 0.68143994 1.9896804 0.9730989 1.7804321 1.6037637 1.8996665 0.93666303 0.53924596 1.5850908 
F 20.0
W 1.1217633 1.7008789 1.6199207 1.8667533 1.7915437 1.5414752 2.368508 0.7483082 2.0479083 0.91266966 1.7997748 1.6564023 1.8740027 0.8467705 0.5734394 1.5163563 
F 10.0
W 1.1878152 1.7384568 1.6122837 1.964572 1.852784 1.5850834 2.4726624 0.7134675 2.043567 0.9361539 1.751508 1.6855011 1.824879 0.88472056 0.53940797 1.5800747 
F 10.0
Generation 22
W 1.2271488 1.6477858 1.6251805 1.858672 1.8052336 1.5058644 2.4933689 0.6853472 2.0065281 0.8582449 1.9126375 1.6397524 1.9706318 0.89924365 0.6524094 1.5312555 
F 30.0
W 1.1028625 1.6337171 1.5924337 1.9226879 1.8080796 1.4660004 2.4246619 0.71933526 2.082337 0.8747968 1.8433584 1.6713947 1.8658453 0.9855746 0.51904124 1.4943025 
F 30.0
W 1.024887 1.5933584 1.5654746 1.9022124 1.7783341 1.562302 2.5100067 0.6338819 2.05643 0.94671106 1.7934712 1.642059 1.7916256 0.91682506 0.52250314 1.5422287 
F 30.0
W 1.1028625 1.6337171 1.5924337 1.9226879 1.8080796 1.4660004 2.4246619 0.71933526 2.082337 0.8747968 1.8433584 1.6713947 1.8658453 0.9855746 0.51904124 1.4943025 
F 30.0
W 1.024887 1.5933584 1.5654746 1.9022124 1.7783341 1.562302 2.5100067 0.6338819 2.05643 0.94671106 1.7934712 1.642059 1.7916256 0.91682506 0.52250314 1.5422287 
F 20.0
W 1.2085118 1.702467 1.5904715 1.9059671 1.8265498 1.5645204 2.4375525 0.7126421 2.0601778 0.9770142 1.9396622 1.614937 1.9530027 0.9382713 0.60647976 1.6380925 
F 10.0
W 1.1705155 1.7316449 1.5753831 1.7783197 1.8733429 1.4889544 2.4021952 0.68234783 2.0515301 0.91031116 1.7701126 1.5996205 1.9199774 0.83529377 0.5518673 1.4969951 
F 0.0
W 1.1705155 1.7316449 1.5753831 1.7783197 1.8733429 1.4889544 2.4021952 0.68234783 2.0515301 0.91031116 1.7701126 1.5996205 1.9199774 0.83529377 0.5518673 1.4969951 
F 0.0
W 1.2271488 1.6477858 1.6251805 1.858672 1.8052336 1.5058644 2.4933689 0.6853472 2.0065281 0.8582449 1.9126375 1.6397524 1.9706318 0.89924365 0.6524094 1.5312555 
F 0.0
W 1.2085118 1.702467 1.5904715 1.9059671 1.8265498 1.5645204 2.4375525 0.7126421 2.0601778 0.9770142 1.9396622 1.614937 1.9530027 0.9382713 0.60647976 1.6380925 
F 0.0
Generation 23
W 1.1028625 1.6337171 1.5924337 1.9226879 1.8080796 1.4660004 2.4246619 0.71933526 2.082337 0.8747968 1.8433584 1.6713947 1.8658453 0.9855746 0.51904124 1.4943025 
F 40.0
W 1.1028625 1.6337171 1.5924337 1.9226879 1.8080796 1.4660004 2.4246619 0.71933526 2.082337 0.8747968 1.8433584 1.6713947 1.8658453 0.9855746 0.51904124 1.4943025 
F 30.0
W 1.024887 1.5933584 1.5654746 1.9022124 1.7783341 1.562302 2.5100067 0.6338819 2.05643 0.94671106 1.7934712 1.642059 1.7916256 0.91682506 0.52250314 1.5422287 
F 20.0
W 1.2271488 1.6477858 1.6251805 1.858672 1.8052336 1.5058644 2.4933689 0.6853472 2.0065281 0.8582449 1.9126375 1.6397524 1.9706318 0.89924365 0.6524094 1.5312555 
F 20.0
W 1.1028625 1.6337171 1.5924337 1.9226879 1.8080796 1.4660004 2.4246619 0.71933526 2.082337 0.8747968 1.8433584 1.6713947 1.8658453 0.9855746 0.51904124 1.4943025 
F 20.0
W 1.024887 1.5933584 1.5654746 1.9022124 1.7783341 1.562302 2.5100067 0.6338819 2.05643 0.94671106 1.7934712 1.642059 1.7916256 0.91682506 0.52250314 1.5422287 
F 10.0
W 1.1028625 1.6337171 1.5924337 1.9226879 1.8080796 1.4660004 2.4246619 0.71933526 2.082337 0.8747968 1.8433584 1.6713947 1.8658453 0.9855746 0.51904124 1.4943025 
F 0.0
W 1.024887 1.5933584 1.5654746 1.9022124 1.7783341 1.562302 2.5100067 0.6338819 2.05643 0.94671106 1.7934712 1.642059 1.7916256 0.91682506 0.52250314 1.5422287 
F 0.0
W 1.024887 1.5933584 1.5654746 1.9022124 1.7783341 1.562302 2.5100067 0.6338819 2.05643 0.94671106 1.7934712 1.642059 1.7916256 0.91682506 0.52250314 1.5422287 
F 0.0
W 1.2271488 1.6477858 1.6251805 1.858672 1.8052336 1.5058644 2.4933689 0.6853472 2.0065281 0.8582449 1.9126375 1.6397524 1.9706318 0.89924365 0.6524094 1.5312555 
F 0.0
Generation 24
W 1.2271488 1.6477858 1.6251805 1.858672 1.8052336 1.5058644 2.4933689 0.6853472 2.0065281 0.8582449 1.9126375 1.6397524 1.9706318 0.89924365 0.6524094 1.5312555 
F 40.0
W 1.024887 1.5933584 1.5654746 1.9022124 1.7783341 1.562302 2.5100067 0.6338819 2.05643 0.94671106 1.7934712 1.642059 1.7916256 0.91682506 0.52250314 1.5422287 
F 30.0
W 1.024887 1.5933584 1.5654746 1.9022124 1.7783341 1.562302 2.5100067 0.6338819 2.05643 0.94671106 1.7934712 1.642059 1.7916256 0.91682506 0.52250314 1.5422287 
F 20.0
W 1.1028625 1.6337171 1.5924337 1.9226879 1.8080796 1.4660004 2.4246619 0.71933526 2.082337 0.8747968 1.8433584 1.6713947 1.8658453 0.9855746 0.51904124 1.4943025 
F 10.0
W 1.1028625 1.6337171 1.5924337 1.9226879 1.8080796 1.4660004 2.4246619 0.71933526 2.082337 0.8747968 1.8433584 1.6713947 1.8658453 0.9855746 0.51904124 1.4943025 
F 10.0
W 1.1028625 1.6337171 1.5924337 1.9226879 1.8080796 1.4660004 2.4246619 0.71933526 2.082337 0.8747968 1.8433584 1.6713947 1.8658453 0.9855746 0.51904124 1.4943025 
F 10.0
W 1.1028625 1.6337171 1.5924337 1.9226879 1.8080796 1.4660004 2.4246619 0.71933526 2.082337 0.8747968 1.8433584 1.6713947 1.8658453 0.9855746 0.51904124 1.4943025 
F 10.0
W 1.2271488 1.6477858 1.6251805 1.858672 1.8052336 1.5058644 2.4933689 0.6853472 2.0065281 0.8582449 1.9126375 1.6397524 1.9706318 0.89924365 0.6524094 1.5312555 
F 10.0
W 1.1028625 1.6337171 1.5924337 1.9226879 1.8080796 1.4660004 2.4246619 0.71933526 2.082337 0.8747968 1.8433584 1.6713947 1.8658453 0.9855746 0.51904124 1.4943025 
F 10.0
W 1.1028625 1.6337171 1.5924337 1.9226879 1.8080796 1.4660004 2.4246619 0.71933526 2.082337 0.8747968 1.8433584 1.6713947 1.8658453 0.9855746 0.51904124 1.4943025 
F 10.0
Generation 25
W 1.1028625 1.6337171 1.5924337 1.9226879 1.8080796 1.4660004 2.4246619 0.71933526 2.082337 0.8747968 1.8433584 1.6713947 1.8658453 0.9855746 0.51904124 1.4943025 
F 20.0
W 1.1028625 1.6337171 1.5924337 1.9226879 1.8080796 1.4660004 2.4246619 0.71933526 2.082337 0.8747968 1.8433584 1.6713947 1.8658453 0.9855746 0.51904124 1.4943025 
F 20.0
W 1.1028625 1.6337171 1.5924337 1.9226879 1.8080796 1.4660004 2.4246619 0.71933526 2.082337 0.8747968 1.8433584 1.6713947 1.8658453 0.9855746 0.51904124 1.4943025 
F 20.0
W 1.1028625 1.6337171 1.5924337 1.9226879 1.8080796 1.4660004 2.4246619 0.71933526 2.082337 0.8747968 1.8433584 1.6713947 1.8658453 0.9855746 0.51904124 1.4943025 
F 10.0
W 1.024887 1.5933584 1.5654746 1.9022124 1.7783341 1.562302 2.5100067 0.6338819 2.05643 0.94671106 1.7934712 1.642059 1.7916256 0.91682506 0.52250314 1.5422287 
F 10.0
W 1.2271488 1.6477858 1.6251805 1.858672 1.8052336 1.5058644 2.4933689 0.6853472 2.0065281 0.8582449 1.9126375 1.6397524 1.9706318 0.89924365 0.6524094 1.5312555 
F 10.0
W 1.024887 1.5933584 1.5654746 1.9022124 1.7783341 1.562302 2.5100067 0.6338819 2.05643 0.94671106 1.7934712 1.642059 1.7916256 0.91682506 0.52250314 1.5422287 
F 10.0
W 1.2271488 1.6477858 1.6251805 1.858672 1.8052336 1.5058644 2.4933689 0.6853472 2.0065281 0.8582449 1.9126375 1.6397524 1.9706318 0.89924365 0.6524094 1.5312555 
F 10.0
W 1.024887 1.5933584 1.5654746 1.9022124 1.7783341 1.562302 2.5100067 0.6338819 2.05643 0.94671106 1.7934712 1.642059 1.7916256 0.91682506 0.52250314 1.5422287 
F 0.0
W 1.024887 1.5933584 1.5654746 1.9022124 1.7783341 1.562302 2.5100067 0.6338819 2.05643 0.94671106 1.7934712 1.642059 1.7916256 0.91682506 0.52250314 1.5422287 
F 0.0
Generation 26
W 1.1028625 1.6337171 1.5924337 1.9226879 1.8080796 1.4660004 2.4246619 0.71933526 2.082337 0.8747968 1.8433584 1.6713947 1.8658453 0.9855746 0.51904124 1.4943025 
F 40.0
W 1.1028625 1.6337171 1.5924337 1.9226879 1.8080796 1.4660004 2.4246619 0.71933526 2.082337 0.8747968 1.8433584 1.6713947 1.8658453 0.9855746 0.51904124 1.4943025 
F 40.0
W 1.1028625 1.6337171 1.5924337 1.9226879 1.8080796 1.4660004 2.4246619 0.71933526 2.082337 0.8747968 1.8433584 1.6713947 1.8658453 0.9855746 0.51904124 1.4943025 
F 30.0
W 1.024887 1.5933584 1.5654746 1.9022124 1.7783341 1.562302 2.5100067 0.6338819 2.05643 0.94671106 1.7934712 1.642059 1.7916256 0.91682506 0.52250314 1.5422287 
F 20.0
W 1.1028625 1.6337171 1.5924337 1.9226879 1.8080796 1.4660004 2.4246619 0.71933526 2.082337 0.8747968 1.8433584 1.6713947 1.8658453 0.9855746 0.51904124 1.4943025 
F 20.0
W 1.024887 1.5933584 1.5654746 1.9022124 1.7783341 1.562302 2.5100067 0.6338819 2.05643 0.94671106 1.7934712 1.642059 1.7916256 0.91682506 0.52250314 1.5422287 
F 20.0
W 1.1028625 1.6337171 1.5924337 1.9226879 1.8080796 1.4660004 2.4246619 0.71933526 2.082337 0.8747968 1.8433584 1.6713947 1.8658453 0.9855746 0.51904124 1.4943025 
F 10.0
W 1.1028625 1.6337171 1.5924337 1.9226879 1.8080796 1.4660004 2.4246619 0.71933526 2.082337 0.8747968 1.8433584 1.6713947 1.8658453 0.9855746 0.51904124 1.4943025 
F 10.0
W 1.1028625 1.6337171 1.5924337 1.9226879 1.8080796 1.4660004 2.4246619 0.71933526 2.082337 0.8747968 1.8433584 1.6713947 1.8658453 0.9855746 0.51904124 1.4943025 
F 10.0
W 1.1028625 1.6337171 1.5924337 1.9226879 1.8080796 1.4660004 2.4246619 0.71933526 2.082337 0.8747968 1.8433584 1.6713947 1.8658453 0.9855746 0.51904124 1.4943025 
F 0.0
Generation 27
W 1.1028625 1.6337171 1.5924337 1.9226879 1.8080796 1.4660004 2.4246619 0.71933526 2.082337 0.8747968 1.8433584 1.6713947 1.8658453 0.9855746 0.51904124 1.4943025 
F 40.0
W 1.1028625 1.6337171 1.5924337 1.9226879 1.8080796 1.4660004 2.4246619 0.71933526 2.082337 0.8747968 1.8433584 1.6713947 1.8658453 0.9855746 0.51904124 1.4943025 
F 30.0
W 1.024887 1.5933584 1.5654746 1.9022124 1.7783341 1.562302 2.5100067 0.6338819 2.05643 0.94671106 1.7934712 1.642059 1.7916256 0.91682506 0.52250314 1.5422287 
F 30.0
W 1.024887 1.5933584 1.5654746 1.9022124 1.7783341 1.562302 2.5100067 0.6338819 2.05643 0.94671106 1.7934712 1.642059 1.7916256 0.91682506 0.52250314 1.5422287 
F 20.0
W 1.1028625 1.6337171 1.5924337 1.9226879 1.8080796 1.4660004 2.4246619 0.71933526 2.082337 0.8747968 1.8433584 1.6713947 1.8658453 0.9855746 0.51904124 1.4943025 
F 20.0
W 1.1028625 1.6337171 1.5924337 1.9226879 1.8080796 1.4660004 2.4246619 0.71933526 2.082337 0.8747968 1.8433584 1.6713947 1.8658453 0.9855746 0.51904124 1.4943025 
F 20.0
W 1.1028625 1.6337171 1.5924337 1.9226879 1.8080796 1.4660004 2.4246619 0.71933526 2.082337 0.8747968 1.8433584 1.6713947 1.8658453 0.9855746 0.51904124 1.4943025 
F 20.0
W 1.1028625 1.6337171 1.5924337 1.9226879 1.8080796 1.4660004 2.4246619 0.71933526 2.082337 0.8747968 1.8433584 1.6713947 1.8658453 0.9855746 0.51904124 1.4943025 
F 20.0
W 1.1028625 1.6337171 1.5924337 1.9226879 1.8080796 1.4660004 2.4246619 0.71933526 2.082337 0.8747968 1.8433584 1.6713947 1.8658453 0.9855746 0.51904124 1.4943025 
F 10.0
W 1.1028625 1.6337171 1.5924337 1.9226879 1.8080796 1.4660004 2.4246619 0.71933526 2.082337 0.8747968 1.8433584 1.6713947 1.8658453 0.9855746 0.51904124 1.4943025 
F 10.0
Generation 28
W 1.024887 1.5933584 1.5654746 1.9022124 1.7783341 1.562302 2.5100067 0.6338819 2.05643 0.94671106 1.7934712 1.642059 1.7916256 0.91682506 0.52250314 1.5422287 
F 30.0
W 1.1028625 1.6337171 1.5924337 1.9226879 1.8080796 1.4660004 2.4246619 0.71933526 2.082337 0.8747968 1.8433584 1.6713947 1.8658453 0.9855746 0.51904124 1.4943025 
F 30.0
W 1.024887 1.5933584 1.5654746 1.9022124 1.7783341 1.562302 2.5100067 0.6338819 2.05643 0.94671106 1.7934712 1.642059 1.7916256 0.91682506 0.52250314 1.5422287 
F 20.0
W 1.024887 1.5933584 1.5654746 1.9022124 1.7783341 1.562302 2.5100067 0.6338819 2.05643 0.94671106 1.7934712 1.642059 1.7916256 0.91682506 0.52250314 1.5422287 
F 10.0
W 1.1028625 1.6337171 1.5924337 1.9226879 1.8080796 1.4660004 2.4246619 0.71933526 2.082337 0.8747968 1.8433584 1.6713947 1.8658453 0.9855746 0.51904124 1.4943025 
F 10.0
W 1.1028625 1.6337171 1.5924337 1.9226879 1.8080796 1.4660004 2.4246619 0.71933526 2.082337 0.8747968 1.8433584 1.6713947 1.8658453 0.9855746 0.51904124 1.4943025 
F 10.0
W 1.1028625 1.6337171 1.5924337 1.9226879 1.8080796 1.4660004 2.4246619 0.71933526 2.082337 0.8747968 1.8433584 1.6713947 1.8658453 0.9855746 0.51904124 1.4943025 
F 10.0
W 1.1028625 1.6337171 1.5924337 1.9226879 1.8080796 1.4660004 2.4246619 0.71933526 2.082337 0.8747968 1.8433584 1.6713947 1.8658453 0.9855746 0.51904124 1.4943025 
F 10.0
W 1.1028625 1.6337171 1.5924337 1.9226879 1.8080796 1.4660004 2.4246619 0.71933526 2.082337 0.8747968 1.8433584 1.6713947 1.8658453 0.9855746 0.51904124 1.4943025 
F 0.0
W 1.024887 1.5933584 1.5654746 1.9022124 1.7783341 1.562302 2.5100067 0.6338819 2.05643 0.94671106 1.7934712 1.642059 1.7916256 0.91682506 0.52250314 1.5422287 
F 0.0
Generation 29
W 1.024887 1.5933584 1.5654746 1.9022124 1.7783341 1.562302 2.5100067 0.6338819 2.05643 0.94671106 1.7934712 1.642059 1.7916256 0.91682506 0.52250314 1.5422287 
F 30.0
W 1.1028625 1.6337171 1.5924337 1.9226879 1.8080796 1.4660004 2.4246619 0.71933526 2.082337 0.8747968 1.8433584 1.6713947 1.8658453 0.9855746 0.51904124 1.4943025 
F 30.0
W 1.024887 1.5933584 1.5654746 1.9022124 1.7783341 1.562302 2.5100067 0.6338819 2.05643 0.94671106 1.7934712 1.642059 1.7916256 0.91682506 0.52250314 1.5422287 
F 30.0
W 1.024887 1.5933584 1.5654746 1.9022124 1.7783341 1.562302 2.5100067 0.6338819 2.05643 0.94671106 1.7934712 1.642059 1.7916256 0.91682506 0.52250314 1.5422287 
F 30.0
W 1.1028625 1.6337171 1.5924337 1.9226879 1.8080796 1.4660004 2.4246619 0.71933526 2.082337 0.8747968 1.8433584 1.6713947 1.8658453 0.9855746 0.51904124 1.4943025 
F 30.0
W 1.024887 1.5933584 1.5654746 1.9022124 1.7783341 1.562302 2.5100067 0.6338819 2.05643 0.94671106 1.7934712 1.642059 1.7916256 0.91682506 0.52250314 1.5422287 
F 20.0
W 1.024887 1.5933584 1.5654746 1.9022124 1.7783341 1.562302 2.5100067 0.6338819 2.05643 0.94671106 1.7934712 1.642059 1.7916256 0.91682506 0.52250314 1.5422287 
F 10.0
W 1.1028625 1.6337171 1.5924337 1.9226879 1.8080796 1.4660004 2.4246619 0.71933526 2.082337 0.8747968 1.8433584 1.6713947 1.8658453 0.9855746 0.51904124 1.4943025 
F 10.0
W 1.024887 1.5933584 1.5654746 1.9022124 1.7783341 1.562302 2.5100067 0.6338819 2.05643 0.94671106 1.7934712 1.642059 1.7916256 0.91682506 0.52250314 1.5422287 
F 10.0
W 1.1028625 1.6337171 1.5924337 1.9226879 1.8080796 1.4660004 2.4246619 0.71933526 2.082337 0.8747968 1.8433584 1.6713947 1.8658453 0.9855746 0.51904124 1.4943025 
F 0.0
Generation 30
W 1.024887 1.5933584 1.5654746 1.9022124 1.7783341 1.562302 2.5100067 0.6338819 2.05643 0.94671106 1.7934712 1.642059 1.7916256 0.91682506 0.52250314 1.5422287 
F 30.0
W 1.1028625 1.6337171 1.5924337 1.9226879 1.8080796 1.4660004 2.4246619 0.71933526 2.082337 0.8747968 1.8433584 1.6713947 1.8658453 0.9855746 0.51904124 1.4943025 
F 30.0
W 1.1028625 1.6337171 1.5924337 1.9226879 1.8080796 1.4660004 2.4246619 0.71933526 2.082337 0.8747968 1.8433584 1.6713947 1.8658453 0.9855746 0.51904124 1.4943025 
F 20.0
W 1.1028625 1.6337171 1.5924337 1.9226879 1.8080796 1.4660004 2.4246619 0.71933526 2.082337 0.8747968 1.8433584 1.6713947 1.8658453 0.9855746 0.51904124 1.4943025 
F 20.0
W 1.024887 1.5933584 1.5654746 1.9022124 1.7783341 1.562302 2.5100067 0.6338819 2.05643 0.94671106 1.7934712 1.642059 1.7916256 0.91682506 0.52250314 1.5422287 
F 20.0
W 1.024887 1.5933584 1.5654746 1.9022124 1.7783341 1.562302 2.5100067 0.6338819 2.05643 0.94671106 1.7934712 1.642059 1.7916256 0.91682506 0.52250314 1.5422287 
F 10.0
W 1.024887 1.5933584 1.5654746 1.9022124 1.7783341 1.562302 2.5100067 0.6338819 2.05643 0.94671106 1.7934712 1.642059 1.7916256 0.91682506 0.52250314 1.5422287 
F 10.0
W 1.024887 1.5933584 1.5654746 1.9022124 1.7783341 1.562302 2.5100067 0.6338819 2.05643 0.94671106 1.7934712 1.642059 1.7916256 0.91682506 0.52250314 1.5422287 
F 0.0
W 1.1028625 1.6337171 1.5924337 1.9226879 1.8080796 1.4660004 2.4246619 0.71933526 2.082337 0.8747968 1.8433584 1.6713947 1.8658453 0.9855746 0.51904124 1.4943025 
F 0.0
W 1.024887 1.5933584 1.5654746 1.9022124 1.7783341 1.562302 2.5100067 0.6338819 2.05643 0.94671106 1.7934712 1.642059 1.7916256 0.91682506 0.52250314 1.5422287 
F 0.0
Generation 31
W 1.1516749 1.7644837 1.6214219 2.0665894 1.8945074 1.7264392 2.6798294 0.824117 2.13433 1.1042075 1.8592674 1.6981397 1.9608672 1.0338147 0.58808905 1.6918502 
F 30.0
W 1.1942035 1.7892189 1.7388897 1.995611 1.869871 1.5928799 2.4361782 0.8378376 2.2475498 0.99866784 1.9011045 1.8028746 1.9663749 1.1028541 0.6325094 1.6065723 
F 20.0
W 1.0274456 1.6677386 1.7260466 1.9848005 1.8876133 1.6637195 2.7009406 0.79479015 2.159355 1.1431298 1.7857077 1.688772 1.8989924 1.0397351 0.63431174 1.7054329 
F 20.0
W 1.1109929 1.6271333 1.6909957 2.084501 1.9518881 1.6921622 2.5979683 0.7775606 2.1552584 1.0741736 1.8327289 1.7998874 1.9387648 0.98541737 0.63830465 1.6005483 
F 10.0
W 1.2294228 1.7588124 1.71819 2.0131683 1.8706621 1.601184 2.4772198 0.8803619 2.2233007 0.970005 1.9314371 1.8558893 1.8832942 1.0602206 0.48974505 1.5796069 
F 10.0
W 1.2983645 1.7487338 1.8477265 2.0190814 1.8450632 1.4986469 2.5933645 0.8143368 2.2043245 1.0017298 1.8322861 1.8110784 1.9880791 1.014755 0.65145075 1.749579 
F 10.0
W 1.098416 1.7417071 1.574749 1.9796051 1.9892299 1.6367488 2.5061176 0.6509027 2.1599507 1.0853815 1.966473 1.7697177 1.9295592 0.9655316 0.5926999 1.5948429 
F 10.0
W 1.0658478 1.8819573 1.825487 1.8974895 1.9258702 1.620486 2.6297774 0.89798826 2.211725 0.9582962 1.9461436 1.7180929 1.9781208 1.043131 0.66917276 1.6946816 
F 10.0
W 1.2104086 1.7145736 1.7018969 1.9681923 1.902076 1.4051839 2.551227 0.8216794 2.177696 0.9234565 1.9086969 1.7491663 1.9207215 1.0306592 0.56189215 1.5657661 
F 10.0
W 1.2425876 1.7708555 1.7469583 1.9460032 1.9413542 1.6726018 2.5257905 0.8280293 2.1813486 1.096841 1.9772702 1.8226584 1.9207696 1.0791243 0.60717946 1.5720329 
F 0.0
Generation 32
W 1.1109929 1.6271333 1.6909957 2.084501 1.9518881 1.6921622 2.5979683 0.7775606 2.1552584 1.0741736 1.8327289 1.7998874 1.9387648 0.98541737 0.63830465 1.6005483 
F 40.0
W 1.1109929 1.6271333 1.6909957 2.084501 1.9518881 1.6921622 2.5979683 0.7775606 2.1552584 1.0741736 1.8327289 1.7998874 1.9387648 0.98541737 0.63830465 1.6005483 
F 30.0
W 1.2294228 1.7588124 1.71819 2.0131683 1.8706621 1.601184 2.4772198 0.8803619 2.2233007 0.970005 1.9314371 1.8558893 1.8832942 1.0602206 0.48974505 1.5796069 
F 30.0
W 1.1516749 1.7644837 1.6214219 2.0665894 1.8945074 1.7264392 2.6798294 0.824117 2.13433 1.1042075 1.8592674 1.6981397 1.9608672 1.0338147 0.58808905 1.6918502 
F 30.0
W 1.2294228 1.7588124 1.71819 2.0131683 1.8706621 1.601184 2.4772198 0.8803619 2.2233007 0.970005 1.9314371 1.8558893 1.8832942 1.0602206 0.48974505 1.5796069 
F 20.0
W 1.0274456 1.6677386 1.7260466 1.9848005 1.8876133 1.6637195 2.7009406 0.79479015 2.159355 1.1431298 1.7857077 1.688772 1.8989924 1.0397351 0.63431174 1.7054329 
F 20.0
W 1.1516749 1.7644837 1.6214219 2.0665894 1.8945074 1.7264392 2.6798294 0.824117 2.13433 1.1042075 1.8592674 1.6981397 1.9608672 1.0338147 0.58808905 1.6918502 
F 20.0
W 1.0274456 1.6677386 1.7260466 1.9848005 1.8876133 1.6637195 2.7009406 0.79479015 2.159355 1.1431298 1.7857077 1.688772 1.8989924 1.0397351 0.63431174 1.7054329 
F 20.0
W 1.1942035 1.7892189 1.7388897 1.995611 1.869871 1.5928799 2.4361782 0.8378376 2.2475498 0.99866784 1.9011045 1.8028746 1.9663749 1.1028541 0.6325094 1.6065723 
F 20.0
W 1.1942035 1.7892189 1.7388897 1.995611 1.869871 1.5928799 2.4361782 0.8378376 2.2475498 0.99866784 1.9011045 1.8028746 1.9663749 1.1028541 0.6325094 1.6065723 
F 10.0
Generation 33
W 1.1109929 1.6271333 1.6909957 2.084501 1.9518881 1.6921622 2.5979683 0.7775606 2.1552584 1.0741736 1.8327289 1.7998874 1.9387648 0.98541737 0.63830465 1.6005483 
F 40.0
W 1.2294228 1.7588124 1.71819 2.0131683 1.8706621 1.601184 2.4772198 0.8803619 2.2233007 0.970005 1.9314371 1.8558893 1.8832942 1.0602206 0.48974505 1.5796069 
F 30.0
W 1.2294228 1.7588124 1.71819 2.0131683 1.8706621 1.601184 2.4772198 0.8803619 2.2233007 0.970005 1.9314371 1.8558893 1.8832942 1.0602206 0.48974505 1.5796069 
F 30.0
W 1.1516749 1.7644837 1.6214219 2.0665894 1.8945074 1.7264392 2.6798294 0.824117 2.13433 1.1042075 1.8592674 1.6981397 1.9608672 1.0338147 0.58808905 1.6918502 
F 20.0
W 1.2294228 1.7588124 1.71819 2.0131683 1.8706621 1.601184 2.4772198 0.8803619 2.2233007 0.970005 1.9314371 1.8558893 1.8832942 1.0602206 0.48974505 1.5796069 
F 20.0
W 1.1109929 1.6271333 1.6909957 2.084501 1.9518881 1.6921622 2.5979683 0.7775606 2.1552584 1.0741736 1.8327289 1.7998874 1.9387648 0.98541737 0.63830465 1.6005483 
F 10.0
W 1.1516749 1.7644837 1.6214219 2.0665894 1.8945074 1.7264392 2.6798294 0.824117 2.13433 1.1042075 1.8592674 1.6981397 1.9608672 1.0338147 0.58808905 1.6918502 
F 10.0
W 1.1109929 1.6271333 1.6909957 2.084501 1.9518881 1.6921622 2.5979683 0.7775606 2.1552584 1.0741736 1.8327289 1.7998874 1.9387648 0.98541737 0.63830465 1.6005483 
F 10.0
W 1.2294228 1.7588124 1.71819 2.0131683 1.8706621 1.601184 2.4772198 0.8803619 2.2233007 0.970005 1.9314371 1.8558893 1.8832942 1.0602206 0.48974505 1.5796069 
F 0.0
W 1.1109929 1.6271333 1.6909957 2.084501 1.9518881 1.6921622 2.5979683 0.7775606 2.1552584 1.0741736 1.8327289 1.7998874 1.9387648 0.98541737 0.63830465 1.6005483 
F 0.0
Generation 34
W 1.2294228 1.7588124 1.71819 2.0131683 1.8706621 1.601184 2.4772198 0.8803619 2.2233007 0.970005 1.9314371 1.8558893 1.8832942 1.0602206 0.48974505 1.5796069 
F 40.0
W 1.2294228 1.7588124 1.71819 2.0131683 1.8706621 1.601184 2.4772198 0.8803619 2.2233007 0.970005 1.9314371 1.8558893 1.8832942 1.0602206 0.48974505 1.5796069 
F 30.0
W 1.1109929 1.6271333 1.6909957 2.084501 1.9518881 1.6921622 2.5979683 0.7775606 2.1552584 1.0741736 1.8327289 1.7998874 1.9387648 0.98541737 0.63830465 1.6005483 
F 20.0
W 1.2294228 1.7588124 1.71819 2.0131683 1.8706621 1.601184 2.4772198 0.8803619 2.2233007 0.970005 1.9314371 1.8558893 1.8832942 1.0602206 0.48974505 1.5796069 
F 20.0
W 1.2294228 1.7588124 1.71819 2.0131683 1.8706621 1.601184 2.4772198 0.8803619 2.2233007 0.970005 1.9314371 1.8558893 1.8832942 1.0602206 0.48974505 1.5796069 
F 20.0
W 1.1109929 1.6271333 1.6909957 2.084501 1.9518881 1.6921622 2.5979683 0.7775606 2.1552584 1.0741736 1.8327289 1.7998874 1.9387648 0.98541737 0.63830465 1.6005483 
F 20.0
W 1.2294228 1.7588124 1.71819 2.0131683 1.8706621 1.601184 2.4772198 0.8803619 2.2233007 0.970005 1.9314371 1.8558893 1.8832942 1.0602206 0.48974505 1.5796069 
F 10.0
W 1.2294228 1.7588124 1.71819 2.0131683 1.8706621 1.601184 2.4772198 0.8803619 2.2233007 0.970005 1.9314371 1.8558893 1.8832942 1.0602206 0.48974505 1.5796069 
F 10.0
W 1.1516749 1.7644837 1.6214219 2.0665894 1.8945074 1.7264392 2.6798294 0.824117 2.13433 1.1042075 1.8592674 1.6981397 1.9608672 1.0338147 0.58808905 1.6918502 
F 10.0
W 1.1516749 1.7644837 1.6214219 2.0665894 1.8945074 1.7264392 2.6798294 0.824117 2.13433 1.1042075 1.8592674 1.6981397 1.9608672 1.0338147 0.58808905 1.6918502 
F 0.0
Generation 35
W 1.2294228 1.7588124 1.71819 2.0131683 1.8706621 1.601184 2.4772198 0.8803619 2.2233007 0.970005 1.9314371 1.8558893 1.8832942 1.0602206 0.48974505 1.5796069 
F 40.0
W 1.2294228 1.7588124 1.71819 2.0131683 1.8706621 1.601184 2.4772198 0.8803619 2.2233007 0.970005 1.9314371 1.8558893 1.8832942 1.0602206 0.48974505 1.5796069 
F 30.0
W 1.2294228 1.7588124 1.71819 2.0131683 1.8706621 1.601184 2.4772198 0.8803619 2.2233007 0.970005 1.9314371 1.8558893 1.8832942 1.0602206 0.48974505 1.5796069 
F 20.0
W 1.2294228 1.7588124 1.71819 2.0131683 1.8706621 1.601184 2.4772198 0.8803619 2.2233007 0.970005 1.9314371 1.8558893 1.8832942 1.0602206 0.48974505 1.5796069 
F 20.0
W 1.1109929 1.6271333 1.6909957 2.084501 1.9518881 1.6921622 2.5979683 0.7775606 2.1552584 1.0741736 1.8327289 1.7998874 1.9387648 0.98541737 0.63830465 1.6005483 
F 20.0
W 1.2294228 1.7588124 1.71819 2.0131683 1.8706621 1.601184 2.4772198 0.8803619 2.2233007 0.970005 1.9314371 1.8558893 1.8832942 1.0602206 0.48974505 1.5796069 
F 10.0
W 1.1109929 1.6271333 1.6909957 2.084501 1.9518881 1.6921622 2.5979683 0.7775606 2.1552584 1.0741736 1.8327289 1.7998874 1.9387648 0.98541737 0.63830465 1.6005483 
F 10.0
W 1.2294228 1.7588124 1.71819 2.0131683 1.8706621 1.601184 2.4772198 0.8803619 2.2233007 0.970005 1.9314371 1.8558893 1.8832942 1.0602206 0.48974505 1.5796069 
F 10.0
W 1.2294228 1.7588124 1.71819 2.0131683 1.8706621 1.601184 2.4772198 0.8803619 2.2233007 0.970005 1.9314371 1.8558893 1.8832942 1.0602206 0.48974505 1.5796069 
F 10.0
W 1.2294228 1.7588124 1.71819 2.0131683 1.8706621 1.601184 2.4772198 0.8803619 2.2233007 0.970005 1.9314371 1.8558893 1.8832942 1.0602206 0.48974505 1.5796069 
F 10.0
Generation 36
W 1.2294228 1.7588124 1.71819 2.0131683 1.8706621 1.601184 2.4772198 0.8803619 2.2233007 0.970005 1.9314371 1.8558893 1.8832942 1.0602206 0.48974505 1.5796069 
F 30.0
W 1.2294228 1.7588124 1.71819 2.0131683 1.8706621 1.601184 2.4772198 0.8803619 2.2233007 0.970005 1.9314371 1.8558893 1.8832942 1.0602206 0.48974505 1.5796069 
F 20.0
W 1.2294228 1.7588124 1.71819 2.0131683 1.8706621 1.601184 2.4772198 0.8803619 2.2233007 0.970005 1.9314371 1.8558893 1.8832942 1.0602206 0.48974505 1.5796069 
F 20.0
W 1.1109929 1.6271333 1.6909957 2.084501 1.9518881 1.6921622 2.5979683 0.7775606 2.1552584 1.0741736 1.8327289 1.7998874 1.9387648 0.98541737 0.63830465 1.6005483 
F 10.0
W 1.2294228 1.7588124 1.71819 2.0131683 1.8706621 1.601184 2.4772198 0.8803619 2.2233007 0.970005 1.9314371 1.8558893 1.8832942 1.0602206 0.48974505 1.5796069 
F 10.0
W 1.1109929 1.6271333 1.6909957 2.084501 1.9518881 1.6921622 2.5979683 0.7775606 2.1552584 1.0741736 1.8327289 1.7998874 1.9387648 0.98541737 0.63830465 1.6005483 
F 10.0
W 1.2294228 1.7588124 1.71819 2.0131683 1.8706621 1.601184 2.4772198 0.8803619 2.2233007 0.970005 1.9314371 1.8558893 1.8832942 1.0602206 0.48974505 1.5796069 
F 10.0
W 1.2294228 1.7588124 1.71819 2.0131683 1.8706621 1.601184 2.4772198 0.8803619 2.2233007 0.970005 1.9314371 1.8558893 1.8832942 1.0602206 0.48974505 1.5796069 
F 0.0
W 1.2294228 1.7588124 1.71819 2.0131683 1.8706621 1.601184 2.4772198 0.8803619 2.2233007 0.970005 1.9314371 1.8558893 1.8832942 1.0602206 0.48974505 1.5796069 
F 0.0
W 1.2294228 1.7588124 1.71819 2.0131683 1.8706621 1.601184 2.4772198 0.8803619 2.2233007 0.970005 1.9314371 1.8558893 1.8832942 1.0602206 0.48974505 1.5796069 
F 0.0
Generation 37
W 1.1109929 1.6271333 1.6909957 2.084501 1.9518881 1.6921622 2.5979683 0.7775606 2.1552584 1.0741736 1.8327289 1.7998874 1.9387648 0.98541737 0.63830465 1.6005483 
F 40.0
W 1.2294228 1.7588124 1.71819 2.0131683 1.8706621 1.601184 2.4772198 0.8803619 2.2233007 0.970005 1.9314371 1.8558893 1.8832942 1.0602206 0.48974505 1.5796069 
F 20.0
W 1.1109929 1.6271333 1.6909957 2.084501 1.9518881 1.6921622 2.5979683 0.7775606 2.1552584 1.0741736 1.8327289 1.7998874 1.9387648 0.98541737 0.63830465 1.6005483 
F 20.0
W 1.2294228 1.7588124 1.71819 2.0131683 1.8706621 1.601184 2.4772198 0.8803619 2.2233007 0.970005 1.9314371 1.8558893 1.8832942 1.0602206 0.48974505 1.5796069 
F 10.0
W 1.2294228 1.7588124 1.71819 2.0131683 1.8706621 1.601184 2.4772198 0.8803619 2.2233007 0.970005 1.9314371 1.8558893 1.8832942 1.0602206 0.48974505 1.5796069 
F 10.0
W 1.2294228 1.7588124 1.71819 2.0131683 1.8706621 1.601184 2.4772198 0.8803619 2.2233007 0.970005 1.9314371 1.8558893 1.8832942 1.0602206 0.48974505 1.5796069 
F 10.0
W 1.2294228 1.7588124 1.71819 2.0131683 1.8706621 1.601184 2.4772198 0.8803619 2.2233007 0.970005 1.9314371 1.8558893 1.8832942 1.0602206 0.48974505 1.5796069 
F 10.0
W 1.2294228 1.7588124 1.71819 2.0131683 1.8706621 1.601184 2.4772198 0.8803619 2.2233007 0.970005 1.9314371 1.8558893 1.8832942 1.0602206 0.48974505 1.5796069 
F 0.0
W 1.2294228 1.7588124 1.71819 2.0131683 1.8706621 1.601184 2.4772198 0.8803619 2.2233007 0.970005 1.9314371 1.8558893 1.8832942 1.0602206 0.48974505 1.5796069 
F 0.0
W 1.2294228 1.7588124 1.71819 2.0131683 1.8706621 1.601184 2.4772198 0.8803619 2.2233007 0.970005 1.9314371 1.8558893 1.8832942 1.0602206 0.48974505 1.5796069 
F 0.0
Generation 38
W 1.2294228 1.7588124 1.71819 2.0131683 1.8706621 1.601184 2.4772198 0.8803619 2.2233007 0.970005 1.9314371 1.8558893 1.8832942 1.0602206 0.48974505 1.5796069 
F 50.0
W 1.1109929 1.6271333 1.6909957 2.084501 1.9518881 1.6921622 2.5979683 0.7775606 2.1552584 1.0741736 1.8327289 1.7998874 1.9387648 0.98541737 0.63830465 1.6005483 
F 40.0
W 1.1109929 1.6271333 1.6909957 2.084501 1.9518881 1.6921622 2.5979683 0.7775606 2.1552584 1.0741736 1.8327289 1.7998874 1.9387648 0.98541737 0.63830465 1.6005483 
F 30.0
W 1.2294228 1.7588124 1.71819 2.0131683 1.8706621 1.601184 2.4772198 0.8803619 2.2233007 0.970005 1.9314371 1.8558893 1.8832942 1.0602206 0.48974505 1.5796069 
F 20.0
W 1.2294228 1.7588124 1.71819 2.0131683 1.8706621 1.601184 2.4772198 0.8803619 2.2233007 0.970005 1.9314371 1.8558893 1.8832942 1.0602206 0.48974505 1.5796069 
F 20.0
W 1.1109929 1.6271333 1.6909957 2.084501 1.9518881 1.6921622 2.5979683 0.7775606 2.1552584 1.0741736 1.8327289 1.7998874 1.9387648 0.98541737 0.63830465 1.6005483 
F 10.0
W 1.2294228 1.7588124 1.71819 2.0131683 1.8706621 1.601184 2.4772198 0.8803619 2.2233007 0.970005 1.9314371 1.8558893 1.8832942 1.0602206 0.48974505 1.5796069 
F 0.0
W 1.2294228 1.7588124 1.71819 2.0131683 1.8706621 1.601184 2.4772198 0.8803619 2.2233007 0.970005 1.9314371 1.8558893 1.8832942 1.0602206 0.48974505 1.5796069 
F 0.0
W 1.1109929 1.6271333 1.6909957 2.084501 1.9518881 1.6921622 2.5979683 0.7775606 2.1552584 1.0741736 1.8327289 1.7998874 1.9387648 0.98541737 0.63830465 1.6005483 
F 0.0
W 1.2294228 1.7588124 1.71819 2.0131683 1.8706621 1.601184 2.4772198 0.8803619 2.2233007 0.970005 1.9314371 1.8558893 1.8832942 1.0602206 0.48974505 1.5796069 
F 0.0
Generation 39
W 1.2294228 1.7588124 1.71819 2.0131683 1.8706621 1.601184 2.4772198 0.8803619 2.2233007 0.970005 1.9314371 1.8558893 1.8832942 1.0602206 0.48974505 1.5796069 
F 30.0
W 1.1109929 1.6271333 1.6909957 2.084501 1.9518881 1.6921622 2.5979683 0.7775606 2.1552584 1.0741736 1.8327289 1.7998874 1.9387648 0.98541737 0.63830465 1.6005483 
F 30.0
W 1.1109929 1.6271333 1.6909957 2.084501 1.9518881 1.6921622 2.5979683 0.7775606 2.1552584 1.0741736 1.8327289 1.7998874 1.9387648 0.98541737 0.63830465 1.6005483 
F 20.0
W 1.1109929 1.6271333 1.6909957 2.084501 1.9518881 1.6921622 2.5979683 0.7775606 2.1552584 1.0741736 1.8327289 1.7998874 1.9387648 0.98541737 0.63830465 1.6005483 
F 20.0
W 1.2294228 1.7588124 1.71819 2.0131683 1.8706621 1.601184 2.4772198 0.8803619 2.2233007 0.970005 1.9314371 1.8558893 1.8832942 1.0602206 0.48974505 1.5796069 
F 20.0
W 1.2294228 1.7588124 1.71819 2.0131683 1.8706621 1.601184 2.4772198 0.8803619 2.2233007 0.970005 1.9314371 1.8558893 1.8832942 1.0602206 0.48974505 1.5796069 
F 10.0
W 1.2294228 1.7588124 1.71819 2.0131683 1.8706621 1.601184 2.4772198 0.8803619 2.2233007 0.970005 1.9314371 1.8558893 1.8832942 1.0602206 0.48974505 1.5796069 
F 10.0
W 1.2294228 1.7588124 1.71819 2.0131683 1.8706621 1.601184 2.4772198 0.8803619 2.2233007 0.970005 1.9314371 1.8558893 1.8832942 1.0602206 0.48974505 1.5796069 
F 10.0
W 1.1109929 1.6271333 1.6909957 2.084501 1.9518881 1.6921622 2.5979683 0.7775606 2.1552584 1.0741736 1.8327289 1.7998874 1.9387648 0.98541737 0.63830465 1.6005483 
F 10.0
W 1.2294228 1.7588124 1.71819 2.0131683 1.8706621 1.601184 2.4772198 0.8803619 2.2233007 0.970005 1.9314371 1.8558893 1.8832942 1.0602206 0.48974505 1.5796069 
F 0.0
Generation 40
W 1.3074752 1.8457677 1.8481342 2.17353 1.9956466 1.6823791 2.634897 0.9051471 2.268698 1.0541813 2.096829 1.8409696 1.9827597 1.2633082 0.6862259 1.6891115 
F 40.0
W 1.4245633 1.8646331 1.8443894 2.1105456 1.9014655 1.6283 2.5073774 0.9893073 2.3381114 1.1022956 2.0723243 1.8669666 2.0164552 1.1150827 0.4795732 1.6139001 
F 30.0
W 1.3262393 1.7992461 1.9165866 2.0888712 1.912512 1.6979412 2.5855155 1.0539932 2.3332753 1.1007692 2.017018 2.0111012 1.9467885 1.1440778 0.605623 1.6849129 
F 30.0
W 1.1977543 1.8088149 1.8749899 2.1635478 2.0770335 1.7232729 2.6872003 0.89254117 2.2957525 1.2301791 1.9533985 1.8524593 2.0756629 1.1992135 0.6828234 1.6358931 
F 30.0
W 1.3092115 1.7906431 1.8237019 2.11438 1.9779783 1.6284323 2.6621013 0.92061913 2.408154 0.9970167 1.9787309 1.9091035 1.9931563 1.1513994 0.6237626 1.6632984 
F 30.0
W 1.2266605 1.797908 1.7418509 2.1472652 1.9367725 1.7761366 2.7116947 0.9726161 2.252978 1.1372201 1.975323 1.8886974 2.0021243 1.0956936 0.7042544 1.6404091 
F 20.0
W 1.2146726 1.7688144 1.9189165 2.2303576 2.1201756 1.8501194 2.6845007 0.8553512 2.2816086 1.1668469 1.9826794 1.8272448 2.1102047 1.1310257 0.7867914 1.744533 
F 10.0
W 1.2940558 1.6019081 1.7939881 2.2670965 2.0778415 1.7089413 2.7426877 0.76206213 2.201629 1.0918497 1.8520527 1.8528144 2.066948 1.1167647 0.68175995 1.7123427 
F 10.0
W 1.2440737 1.7382199 1.8291683 2.2022393 2.054145 1.7835428 2.679364 0.9944217 2.227223 1.3278294 1.9575131 2.0121315 2.0360212 1.1238576 0.69147915 1.6337885 
F 10.0
W 1.2174716 1.7008429 1.7973207 2.1571274 2.088189 1.7466403 2.7004747 0.87306845 2.2544498 1.2174599 1.9375693 1.8269405 2.0387428 1.1259022 0.7713076 1.6923769 
F 10.0
Generation 41
W 1.1977543 1.8088149 1.8749899 2.1635478 2.0770335 1.7232729 2.6872003 0.89254117 2.2957525 1.2301791 1.9533985 1.8524593 2.0756629 1.1992135 0.6828234 1.6358931 
F 50.0
W 1.3262393 1.7992461 1.9165866 2.0888712 1.912512 1.6979412 2.5855155 1.0539932 2.3332753 1.1007692 2.017018 2.0111012 1.9467885 1.1440778 0.605623 1.6849129 
F 40.0
W 1.3092115 1.7906431 1.8237019 2.11438 1.9779783 1.6284323 2.6621013 0.92061913 2.408154 0.9970167 1.9787309 1.9091035 1.9931563 1.1513994 0.6237626 1.6632984 
F 40.0
W 1.4245633 1.8646331 1.8443894 2.1105456 1.9014655 1.6283 2.5073774 0.9893073 2.3381114 1.1022956 2.0723243 1.8669666 2.0164552 1.1150827 0.4795732 1.6139001 
F 40.0
W 1.3074752 1.8457677 1.8481342 2.17353 1.9956466 1.6823791 2.634897 0.9051471 2.268698 1.0541813 2.096829 1.8409696 1.9827597 1.2633082 0.6862259 1.6891115 
F 20.0
W 1.3092115 1.7906431 1.8237019 2.11438 1.9779783 1.6284323 2.6621013 0.92061913 2.408154 0.9970167 1.9787309 1.9091035 1.9931563 1.1513994 0.6237626 1.6632984 
F 10.0
W 1.4245633 1.8646331 1.8443894 2.1105456 1.9014655 1.6283 2.5073774 0.9893073 2.3381114 1.1022956 2.0723243 1.8669666 2.0164552 1.1150827 0.4795732 1.6139001 
F 10.0
W 1.3074752 1.8457677 1.8481342 2.17353 1.9956466 1.6823791 2.634897 0.9051471 2.268698 1.0541813 2.096829 1.8409696 1.9827597 1.2633082 0.6862259 1.6891115 
F 0.0
W 1.1977543 1.8088149 1.8749899 2.1635478 2.0770335 1.7232729 2.6872003 0.89254117 2.2957525 1.2301791 1.9533985 1.8524593 2.0756629 1.1992135 0.6828234 1.6358931 
F 0.0
W 1.3262393 1.7992461 1.9165866 2.0888712 1.912512 1.6979412 2.5855155 1.0539932 2.3332753 1.1007692 2.017018 2.0111012 1.9467885 1.1440778 0.605623 1.6849129 
F 0.0
Generation 42
W 1.3262393 1.7992461 1.9165866 2.0888712 1.912512 1.6979412 2.5855155 1.0539932 2.3332753 1.1007692 2.017018 2.0111012 1.9467885 1.1440778 0.605623 1.6849129 
F 30.0
W 1.3092115 1.7906431 1.8237019 2.11438 1.9779783 1.6284323 2.6621013 0.92061913 2.408154 0.9970167 1.9787309 1.9091035 1.9931563 1.1513994 0.6237626 1.6632984 
F 30.0
W 1.3262393 1.7992461 1.9165866 2.0888712 1.912512 1.6979412 2.5855155 1.0539932 2.3332753 1.1007692 2.017018 2.0111012 1.9467885 1.1440778 0.605623 1.6849129 
F 30.0
W 1.1977543 1.8088149 1.8749899 2.1635478 2.0770335 1.7232729 2.6872003 0.89254117 2.2957525 1.2301791 1.9533985 1.8524593 2.0756629 1.1992135 0.6828234 1.6358931 
F 30.0
W 1.4245633 1.8646331 1.8443894 2.1105456 1.9014655 1.6283 2.5073774 0.9893073 2.3381114 1.1022956 2.0723243 1.8669666 2.0164552 1.1150827 0.4795732 1.6139001 
F 20.0
W 1.3074752 1.8457677 1.8481342 2.17353 1.9956466 1.6823791 2.634897 0.9051471 2.268698 1.0541813 2.096829 1.8409696 1.9827597 1.2633082 0.6862259 1.6891115 
F 20.0
W 1.3074752 1.8457677 1.8481342 2.17353 1.9956466 1.6823791 2.634897 0.9051471 2.268698 1.0541813 2.096829 1.8409696 1.9827597 1.2633082 0.6862259 1.6891115 
F 10.0
W 1.3092115 1.7906431 1.8237019 2.11438 1.9779783 1.6284323 2.6621013 0.92061913 2.408154 0.9970167 1.9787309 1.9091035 1.9931563 1.1513994 0.6237626 1.6632984 
F 10.0
W 1.4245633 1.8646331 1.8443894 2.1105456 1.9014655 1.6283 2.5073774 0.9893073 2.3381114 1.1022956 2.0723243 1.8669666 2.0164552 1.1150827 0.4795732 1.6139001 
F 10.0
W 1.1977543 1.8088149 1.8749899 2.1635478 2.0770335 1.7232729 2.6872003 0.89254117 2.2957525 1.2301791 1.9533985 1.8524593 2.0756629 1.1992135 0.6828234 1.6358931 
F 0.0
Generation 43
W 1.4245633 1.8646331 1.8443894 2.1105456 1.9014655 1.6283 2.5073774 0.9893073 2.3381114 1.1022956 2.0723243 1.8669666 2.0164552 1.1150827 0.4795732 1.6139001 
F 50.0
W 1.3092115 1.7906431 1.8237019 2.11438 1.9779783 1.6284323 2.6621013 0.92061913 2.408154 0.9970167 1.9787309 1.9091035 1.9931563 1.1513994 0.6237626 1.6632984 
F 30.0
W 1.3262393 1.7992461 1.9165866 2.0888712 1.912512 1.6979412 2.5855155 1.0539932 2.3332753 1.1007692 2.017018 2.0111012 1.9467885 1.1440778 0.605623 1.6849129 
F 30.0
W 1.1977543 1.8088149 1.8749899 2.1635478 2.0770335 1.7232729 2.6872003 0.89254117 2.2957525 1.2301791 1.9533985 1.8524593 2.0756629 1.1992135 0.6828234 1.6358931 
F 20.0
W 1.3262393 1.7992461 1.9165866 2.0888712 1.912512 1.6979412 2.5855155 1.0539932 2.3332753 1.1007692 2.017018 2.0111012 1.9467885 1.1440778 0.605623 1.6849129 
F 10.0
W 1.3262393 1.7992461 1.9165866 2.0888712 1.912512 1.6979412 2.5855155 1.0539932 2.3332753 1.1007692 2.017018 2.0111012 1.9467885 1.1440778 0.605623 1.6849129 
F 10.0
W 1.3092115 1.7906431 1.8237019 2.11438 1.9779783 1.6284323 2.6621013 0.92061913 2.408154 0.9970167 1.9787309 1.9091035 1.9931563 1.1513994 0.6237626 1.6632984 
F 10.0
W 1.3262393 1.7992461 1.9165866 2.0888712 1.912512 1.6979412 2.5855155 1.0539932 2.3332753 1.1007692 2.017018 2.0111012 1.9467885 1.1440778 0.605623 1.6849129 
F 0.0
W 1.4245633 1.8646331 1.8443894 2.1105456 1.9014655 1.6283 2.5073774 0.9893073 2.3381114 1.1022956 2.0723243 1.8669666 2.0164552 1.1150827 0.4795732 1.6139001 
F 0.0
W 1.1977543 1.8088149 1.8749899 2.1635478 2.0770335 1.7232729 2.6872003 0.89254117 2.2957525 1.2301791 1.9533985 1.8524593 2.0756629 1.1992135 0.6828234 1.6358931 
F 0.0
Generation 44
W 1.3262393 1.7992461 1.9165866 2.0888712 1.912512 1.6979412 2.5855155 1.0539932 2.3332753 1.1007692 2.017018 2.0111012 1.9467885 1.1440778 0.605623 1.6849129 
F 40.0
W 1.4245633 1.8646331 1.8443894 2.1105456 1.9014655 1.6283 2.5073774 0.9893073 2.3381114 1.1022956 2.0723243 1.8669666 2.0164552 1.1150827 0.4795732 1.6139001 
F 30.0
W 1.3262393 1.7992461 1.9165866 2.0888712 1.912512 1.6979412 2.5855155 1.0539932 2.3332753 1.1007692 2.017018 2.0111012 1.9467885 1.1440778 0.605623 1.6849129 
F 20.0
W 1.3262393 1.7992461 1.9165866 2.0888712 1.912512 1.6979412 2.5855155 1.0539932 2.3332753 1.1007692 2.017018 2.0111012 1.9467885 1.1440778 0.605623 1.6849129 
F 20.0
W 1.3262393 1.7992461 1.9165866 2.0888712 1.912512 1.6979412 2.5855155 1.0539932 2.3332753 1.1007692 2.017018 2.0111012 1.9467885 1.1440778 0.605623 1.6849129 
F 20.0
W 1.3092115 1.7906431 1.8237019 2.11438 1.9779783 1.6284323 2.6621013 0.92061913 2.408154 0.9970167 1.9787309 1.9091035 1.9931563 1.1513994 0.6237626 1.6632984 
F 10.0
W 1.1977543 1.8088149 1.8749899 2.1635478 2.0770335 1.7232729 2.6872003 0.89254117 2.2957525 1.2301791 1.9533985 1.8524593 2.0756629 1.1992135 0.6828234 1.6358931 
F 10.0
W 1.3092115 1.7906431 1.8237019 2.11438 1.9779783 1.6284323 2.6621013 0.92061913 2.408154 0.9970167 1.9787309 1.9091035 1.9931563 1.1513994 0.6237626 1.6632984 
F 10.0
W 1.1977543 1.8088149 1.8749899 2.1635478 2.0770335 1.7232729 2.6872003 0.89254117 2.2957525 1.2301791 1.9533985 1.8524593 2.0756629 1.1992135 0.6828234 1.6358931 
F 0.0
W 1.4245633 1.8646331 1.8443894 2.1105456 1.9014655 1.6283 2.5073774 0.9893073 2.3381114 1.1022956 2.0723243 1.8669666 2.0164552 1.1150827 0.4795732 1.6139001 
F 0.0
Generation 45
W 1.4245633 1.8646331 1.8443894 2.1105456 1.9014655 1.6283 2.5073774 0.9893073 2.3381114 1.1022956 2.0723243 1.8669666 2.0164552 1.1150827 0.4795732 1.6139001 
F 30.0
W 1.3262393 1.7992461 1.9165866 2.0888712 1.912512 1.6979412 2.5855155 1.0539932 2.3332753 1.1007692 2.017018 2.0111012 1.9467885 1.1440778 0.605623 1.6849129 
F 30.0
W 1.3262393 1.7992461 1.9165866 2.0888712 1.912512 1.6979412 2.5855155 1.0539932 2.3332753 1.1007692 2.017018 2.0111012 1.9467885 1.1440778 0.605623 1.6849129 
F 20.0
W 1.3262393 1.7992461 1.9165866 2.0888712 1.912512 1.6979412 2.5855155 1.0539932 2.3332753 1.1007692 2.017018 2.0111012 1.9467885 1.1440778 0.605623 1.6849129 
F 20.0
W 1.3262393 1.7992461 1.9165866 2.0888712 1.912512 1.6979412 2.5855155 1.0539932 2.3332753 1.1007692 2.017018 2.0111012 1.9467885 1.1440778 0.605623 1.6849129 
F 10.0
W 1.3262393 1.7992461 1.9165866 2.0888712 1.912512 1.6979412 2.5855155 1.0539932 2.3332753 1.1007692 2.017018 2.0111012 1.9467885 1.1440778 0.605623 1.6849129 
F 10.0
W 1.3262393 1.7992461 1.9165866 2.0888712 1.912512 1.6979412 2.5855155 1.0539932 2.3332753 1.1007692 2.017018 2.0111012 1.9467885 1.1440778 0.605623 1.6849129 
F 10.0
W 1.3262393 1.7992461 1.9165866 2.0888712 1.912512 1.6979412 2.5855155 1.0539932 2.3332753 1.1007692 2.017018 2.0111012 1.9467885 1.1440778 0.605623 1.6849129 
F 10.0
W 1.4245633 1.8646331 1.8443894 2.1105456 1.9014655 1.6283 2.5073774 0.9893073 2.3381114 1.1022956 2.0723243 1.8669666 2.0164552 1.1150827 0.4795732 1.6139001 
F 10.0
W 1.3262393 1.7992461 1.9165866 2.0888712 1.912512 1.6979412 2.5855155 1.0539932 2.3332753 1.1007692 2.017018 2.0111012 1.9467885 1.1440778 0.605623 1.6849129 
F 10.0
Generation 46
W 1.3262393 1.7992461 1.9165866 2.0888712 1.912512 1.6979412 2.5855155 1.0539932 2.3332753 1.1007692 2.017018 2.0111012 1.9467885 1.1440778 0.605623 1.6849129 
F 40.0
W 1.3262393 1.7992461 1.9165866 2.0888712 1.912512 1.6979412 2.5855155 1.0539932 2.3332753 1.1007692 2.017018 2.0111012 1.9467885 1.1440778 0.605623 1.6849129 
F 30.0
W 1.3262393 1.7992461 1.9165866 2.0888712 1.912512 1.6979412 2.5855155 1.0539932 2.3332753 1.1007692 2.017018 2.0111012 1.9467885 1.1440778 0.605623 1.6849129 
F 20.0
W 1.3262393 1.7992461 1.9165866 2.0888712 1.912512 1.6979412 2.5855155 1.0539932 2.3332753 1.1007692 2.017018 2.0111012 1.9467885 1.1440778 0.605623 1.6849129 
F 20.0
W 1.3262393 1.7992461 1.9165866 2.0888712 1.912512 1.6979412 2.5855155 1.0539932 2.3332753 1.1007692 2.017018 2.0111012 1.9467885 1.1440778 0.605623 1.6849129 
F 20.0
W 1.4245633 1.8646331 1.8443894 2.1105456 1.9014655 1.6283 2.5073774 0.9893073 2.3381114 1.1022956 2.0723243 1.8669666 2.0164552 1.1150827 0.4795732 1.6139001 
F 20.0
W 1.4245633 1.8646331 1.8443894 2.1105456 1.9014655 1.6283 2.5073774 0.9893073 2.3381114 1.1022956 2.0723243 1.8669666 2.0164552 1.1150827 0.4795732 1.6139001 
F 20.0
W 1.3262393 1.7992461 1.9165866 2.0888712 1.912512 1.6979412 2.5855155 1.0539932 2.3332753 1.1007692 2.017018 2.0111012 1.9467885 1.1440778 0.605623 1.6849129 
F 10.0
W 1.3262393 1.7992461 1.9165866 2.0888712 1.912512 1.6979412 2.5855155 1.0539932 2.3332753 1.1007692 2.017018 2.0111012 1.9467885 1.1440778 0.605623 1.6849129 
F 10.0
W 1.3262393 1.7992461 1.9165866 2.0888712 1.912512 1.6979412 2.5855155 1.0539932 2.3332753 1.1007692 2.017018 2.0111012 1.9467885 1.1440778 0.605623 1.6849129 
F 0.0
Generation 47
W 1.3262393 1.7992461 1.9165866 2.0888712 1.912512 1.6979412 2.5855155 1.0539932 2.3332753 1.1007692 2.017018 2.0111012 1.9467885 1.1440778 0.605623 1.6849129 
F 30.0
W 1.3262393 1.7992461 1.9165866 2.0888712 1.912512 1.6979412 2.5855155 1.0539932 2.3332753 1.1007692 2.017018 2.0111012 1.9467885 1.1440778 0.605623 1.6849129 
F 30.0
W 1.3262393 1.7992461 1.9165866 2.0888712 1.912512 1.6979412 2.5855155 1.0539932 2.3332753 1.1007692 2.017018 2.0111012 1.9467885 1.1440778 0.605623 1.6849129 
F 20.0
W 1.3262393 1.7992461 1.9165866 2.0888712 1.912512 1.6979412 2.5855155 1.0539932 2.3332753 1.1007692 2.017018 2.0111012 1.9467885 1.1440778 0.605623 1.6849129 
F 20.0
W 1.3262393 1.7992461 1.9165866 2.0888712 1.912512 1.6979412 2.5855155 1.0539932 2.3332753 1.1007692 2.017018 2.0111012 1.9467885 1.1440778 0.605623 1.6849129 
F 20.0
W 1.3262393 1.7992461 1.9165866 2.0888712 1.912512 1.6979412 2.5855155 1.0539932 2.3332753 1.1007692 2.017018 2.0111012 1.9467885 1.1440778 0.605623 1.6849129 
F 20.0
W 1.3262393 1.7992461 1.9165866 2.0888712 1.912512 1.6979412 2.5855155 1.0539932 2.3332753 1.1007692 2.017018 2.0111012 1.9467885 1.1440778 0.605623 1.6849129 
F 20.0
W 1.3262393 1.7992461 1.9165866 2.0888712 1.912512 1.6979412 2.5855155 1.0539932 2.3332753 1.1007692 2.017018 2.0111012 1.9467885 1.1440778 0.605623 1.6849129 
F 0.0
W 1.3262393 1.7992461 1.9165866 2.0888712 1.912512 1.6979412 2.5855155 1.0539932 2.3332753 1.1007692 2.017018 2.0111012 1.9467885 1.1440778 0.605623 1.6849129 
F 0.0
W 1.3262393 1.7992461 1.9165866 2.0888712 1.912512 1.6979412 2.5855155 1.0539932 2.3332753 1.1007692 2.017018 2.0111012 1.9467885 1.1440778 0.605623 1.6849129 
F 0.0
Generation 48
W 1.3262393 1.7992461 1.9165866 2.0888712 1.912512 1.6979412 2.5855155 1.0539932 2.3332753 1.1007692 2.017018 2.0111012 1.9467885 1.1440778 0.605623 1.6849129 
F 30.0
W 1.3262393 1.7992461 1.9165866 2.0888712 1.912512 1.6979412 2.5855155 1.0539932 2.3332753 1.1007692 2.017018 2.0111012 1.9467885 1.1440778 0.605623 1.6849129 
F 30.0
W 1.3262393 1.7992461 1.9165866 2.0888712 1.912512 1.6979412 2.5855155 1.0539932 2.3332753 1.1007692 2.017018 2.0111012 1.9467885 1.1440778 0.605623 1.6849129 
F 30.0
W 1.3262393 1.7992461 1.9165866 2.0888712 1.912512 1.6979412 2.5855155 1.0539932 2.3332753 1.1007692 2.017018 2.0111012 1.9467885 1.1440778 0.605623 1.6849129 
F 20.0
W 1.3262393 1.7992461 1.9165866 2.0888712 1.912512 1.6979412 2.5855155 1.0539932 2.3332753 1.1007692 2.017018 2.0111012 1.9467885 1.1440778 0.605623 1.6849129 
F 20.0
W 1.3262393 1.7992461 1.9165866 2.0888712 1.912512 1.6979412 2.5855155 1.0539932 2.3332753 1.1007692 2.017018 2.0111012 1.9467885 1.1440778 0.605623 1.6849129 
F 20.0
W 1.3262393 1.7992461 1.9165866 2.0888712 1.912512 1.6979412 2.5855155 1.0539932 2.3332753 1.1007692 2.017018 2.0111012 1.9467885 1.1440778 0.605623 1.6849129 
F 20.0
W 1.3262393 1.7992461 1.9165866 2.0888712 1.912512 1.6979412 2.5855155 1.0539932 2.3332753 1.1007692 2.017018 2.0111012 1.9467885 1.1440778 0.605623 1.6849129 
F 20.0
W 1.3262393 1.7992461 1.9165866 2.0888712 1.912512 1.6979412 2.5855155 1.0539932 2.3332753 1.1007692 2.017018 2.0111012 1.9467885 1.1440778 0.605623 1.6849129 
F 0.0
W 1.3262393 1.7992461 1.9165866 2.0888712 1.912512 1.6979412 2.5855155 1.0539932 2.3332753 1.1007692 2.017018 2.0111012 1.9467885 1.1440778 0.605623 1.6849129 
F 0.0
